         153
 -0.49085605E+001 -0.35984624E+000  0.94606733E+001  0.89156551E+001  0.51535578E+001  0.36098189E+001
  0.34537328E+001  0.17989984E+001  0.54814936E+001  0.66209947E+001  0.38271645E+001  0.28220176E+001
  0.24521252E+001  0.41591748E+001  0.67584428E+001  0.73573688E+001  0.42528143E+001  0.30335197E+001
  0.17461676E+000  0.16719742E+001  0.65496317E-001  0.34977696E+001  0.20218321E+001  0.23589198E+001
 -0.49900370E+001 -0.13542153E+001  0.11074998E+002  0.98465824E+001  0.56916661E+001  0.40375247E+001
 -0.41407872E+001 -0.30497629E+001  0.95406504E+001  0.89617751E+001  0.51802168E+001  0.36295393E+001
 -0.73460407E+000  0.39259439E+001  0.19499202E+001  0.45844540E+001  0.26499734E+001  0.24403777E+001
  0.19178915E+001  0.35230248E+001  0.15763639E+001  0.43690366E+001  0.25254546E+001  0.24174733E+001
 -0.73391209E+000  0.11402680E+001  0.77468234E+001  0.79273349E+001  0.45822745E+001  0.32240305E+001
 -0.14010966E+001 -0.45958514E+001  0.70717118E+001  0.75380205E+001  0.43572373E+001  0.30913706E+001
 -0.21128784E+001  0.39943111E+001  0.11617578E+002  0.10159470E+002  0.58725259E+001  0.41952882E+001
 -0.20339135E+001 -0.36552545E+001  0.84812185E+001  0.83508361E+001  0.48270728E+001  0.33807319E+001
  0.36528367E+001  0.19367392E+001  0.44683509E+001  0.60367491E+001  0.34894503E+001  0.26819863E+001
 -0.10407284E+001 -0.49851442E+001  0.94684195E+001  0.89201220E+001  0.51561398E+001  0.36117223E+001
 -0.16522493E+001  0.15352385E+001  0.61751331E+001  0.70209935E+001  0.40583777E+001  0.29320619E+001
 -0.26337576E+001 -0.22955720E+001  0.11888037E+001  0.41455435E+001  0.23962679E+001  0.23972416E+001
 -0.28573328E+001 -0.36276022E+001  0.26961246E+001  0.50147652E+001  0.28987082E+001  0.24961339E+001
  0.39261604E+001 -0.48573517E+001  0.25913267E+001  0.49543318E+001  0.28637756E+001  0.24874988E+001
 -0.22554963E+000  0.37736175E+001  0.11325748E+002  0.99911817E+001  0.57752495E+001  0.41095582E+001
 -0.40440776E+001  0.49833303E+000  0.74973973E+001  0.77834992E+001  0.44991324E+001  0.31737470E+001
 -0.10933264E+001 -0.45790473E+000  0.11295744E+002  0.99738793E+001  0.57652481E+001  0.41008596E+001
 -0.29840736E+001 -0.14703104E+001  0.10444200E+002  0.94828224E+001  0.54814002E+001  0.38629713E+001
 -0.19402957E+000  0.29977004E+001  0.64549457E+001  0.71823521E+001  0.41516486E+001  0.29797144E+001
 -0.43343168E+001  0.15752080E+001  0.50202787E+001  0.63550274E+001  0.36734262E+001  0.27552234E+001
  0.12651869E+001 -0.41218336E+001  0.85037116E+001  0.83638071E+001  0.48345705E+001  0.33857352E+001
 -0.22929308E+001 -0.37533103E+001  0.39905021E+001  0.57611896E+001  0.33301674E+001  0.26244699E+001
 -0.94134510E+000  0.32593826E+001  0.10730207E+002  0.96477531E+001  0.55767358E+001  0.39409342E+001
 -0.42030963E+001 -0.12604751E+001  0.88683426E+001  0.85740777E+001  0.49561142E+001  0.34685322E+001
  0.29324823E+001  0.18652818E+001  0.44031528E+001  0.59991515E+001  0.34677176E+001  0.26738166E+001
 -0.60739087E+000 -0.20734035E+001  0.11446852E+002  0.10061018E+002  0.58156173E+001  0.41448869E+001
  0.25506827E+001  0.16270749E+001  0.90771309E+001  0.86944789E+001  0.50257103E+001  0.35173751E+001
 -0.91681946E+000 -0.16742788E+001  0.10389255E+002  0.94511369E+001  0.54630848E+001  0.38482179E+001
 -0.19469035E+001  0.48801910E+001  0.57809561E+001  0.67936848E+001  0.39269854E+001  0.28681135E+001
  0.15675037E+001  0.25100995E+001  0.49468470E+001  0.63126818E+001  0.36489490E+001  0.27450589E+001
 -0.49248984E+001  0.38548786E-001  0.34017763E+001  0.54216911E+001  0.31339254E+001  0.25611251E+001
 -0.28119118E+001  0.25389355E+001  0.82105715E+001  0.81947630E+001  0.47368572E+001  0.33214801E+001
 -0.25089640E+001  0.27585735E+001  0.10691882E+002  0.96256519E+001  0.55639606E+001  0.39303733E+001
  0.48207296E+001  0.17586073E+001  0.39125109E+001  0.57162147E+001  0.33041703E+001  0.26156015E+001
 -0.12333292E+001 -0.30360193E+001  0.10900853E+001  0.40886159E+001  0.23633618E+001  0.23926629E+001
  0.35963450E+001  0.20359449E+001  0.50570144E+001  0.63762117E+001  0.36856715E+001  0.27603569E+001
 -0.52213200E+000  0.39393770E+001  0.11599353E+001  0.41288961E+001  0.23866451E+001  0.23958785E+001
 -0.84586664E+000 -0.47051699E+001  0.97304638E+000  0.40211235E+001  0.23243488E+001  0.23875369E+001
  0.35845082E+001 -0.47510958E+001  0.10451201E+002  0.94868595E+001  0.54837337E+001  0.38648563E+001
 -0.23118464E+001 -0.46581924E+001  0.98050092E+000  0.40254222E+001  0.23268336E+001  0.23878536E+001
  0.39987489E+001  0.40302555E+001  0.24306804E+001  0.48616924E+001  0.28102268E+001  0.24747722E+001
 -0.47898336E+001 -0.19855167E+001  0.76030581E+001  0.78444303E+001  0.45343527E+001  0.31948660E+001
 -0.23332614E+001 -0.42820921E+001  0.10924775E+001  0.40899954E+001  0.23641592E+001  0.23927711E+001
 -0.30624843E+001 -0.38142692E+001  0.10415347E+002  0.94661838E+001  0.54717825E+001  0.38552150E+001
  0.43703162E+000 -0.92128673E+000  0.45101207E+001  0.60608363E+001  0.35033736E+001  0.26872738E+001
 -0.14132177E+001  0.11485759E+001  0.10480249E+002  0.95036102E+001  0.54934162E+001  0.38726899E+001
  0.33959076E+001 -0.25962512E+001  0.83374477E+001  0.82679283E+001  0.47791492E+001  0.33490383E+001
  0.62267799E+000  0.30828775E+001  0.99123524E+001  0.91761233E+001  0.53041175E+001  0.37232018E+001
 -0.28192642E+000  0.38408475E+001  0.82838317E+001  0.82370097E+001  0.47612772E+001  0.33373456E+001
  0.24889883E+001  0.44709036E+001  0.48353936E+001  0.62484104E+001  0.36117979E+001  0.27298780E+001
  0.40496249E+001  0.17930222E+001  0.20339516E+001  0.46329122E+001  0.26779839E+001  0.24459904E+001
 -0.44458342E+000  0.18952039E+001  0.15647334E+001  0.43623297E+001  0.25215778E+001  0.24168138E+001
 -0.33706144E+001  0.39217805E+001  0.13610242E+001  0.42448573E+001  0.24536747E+001  0.24057880E+001
 -0.12571033E+000 -0.46203270E+001  0.67492099E+001  0.73520444E+001  0.42497366E+001  0.30318503E+001
 -0.64999992E+000  0.25116235E+001  0.66459916E+001  0.72925219E+001  0.42153305E+001  0.30133267E+001
  0.87499351E+000  0.25146993E+001  0.77860483E+001  0.79499546E+001  0.45953494E+001  0.32320737E+001
 -0.77121067E+000  0.25381510E+001  0.76582984E+001  0.78762855E+001  0.45527661E+001  0.32060136E+001
 -0.23928419E+001 -0.12836491E+001  0.54811212E+000  0.37760780E+001  0.21827040E+001  0.23716826E+001
 -0.14297352E+001  0.25047368E+001  0.36181912E+001  0.55464903E+001  0.32060637E+001  0.25834460E+001
  0.85175886E+000  0.39814195E+001  0.10469730E+002  0.94975443E+001  0.54899099E+001  0.38698508E+001
  0.35244071E+001  0.48636313E+001  0.45099436E+001  0.60607342E+001  0.35033145E+001  0.26872513E+001
 -0.23854469E+001 -0.42654268E+001  0.18917640E+001  0.45509173E+001  0.26305880E+001  0.24365923E+001
 -0.41791984E+001 -0.45793300E+001  0.10726272E+002  0.96454835E+001  0.55754239E+001  0.39398480E+001
 -0.10092010E+001  0.35332804E+001  0.34800088E+001  0.54668051E+001  0.31600029E+001  0.25690645E+001
  0.38184756E+001 -0.35600054E+001  0.69265701E+001  0.74543222E+001  0.43088567E+001  0.30642754E+001
 -0.13442062E+001  0.43351918E+001  0.34087823E+001  0.54257312E+001  0.31362608E+001  0.25618301E+001
 -0.21113658E+001 -0.17931567E+001  0.11954463E+002  0.10353740E+002  0.59848209E+001  0.42967897E+001
  0.49017023E+001  0.39785566E+001  0.74076676E+001  0.77317551E+001  0.44692225E+001  0.31560221E+001
  0.33531457E+001  0.16952908E+001  0.16166390E+001  0.43922618E+001  0.25388797E+001  0.24197821E+001
  0.32756619E+001 -0.37748370E+001  0.69187111E+001  0.74497901E+001  0.43062370E+001  0.30628226E+001
  0.23637493E+001 -0.47414073E+001  0.45082734E+000  0.37199771E+001  0.21502758E+001  0.23686611E+001
  0.44006130E+001  0.22745087E+001  0.40225539E+001  0.57796728E+001  0.33408513E+001  0.26281568E+001
  0.38441792E+001  0.49412223E+001  0.27892525E+001  0.50684690E+001  0.29297508E+001  0.25040282E+001
  0.45608767E+001 -0.41048464E+001  0.41428924E+001  0.58490680E+001  0.33809641E+001  0.26422187E+001
 -0.15828031E+001  0.20819734E+001  0.10421356E+002  0.94696485E+001  0.54737852E+001  0.38568285E+001
 -0.34947202E+001  0.37472742E+001  0.11423934E+002  0.10047802E+002  0.58079780E+001  0.41381743E+001
  0.48388110E+001  0.47513040E+001  0.73911682E+001  0.77222404E+001  0.44637227E+001  0.31527838E+001
  0.42321919E+001 -0.36012584E+001  0.79495762E+001  0.80442557E+001  0.46498587E+001  0.32660024E+001
 -0.22490606E+001  0.48465782E+001  0.93204715E+001  0.88348053E+001  0.51068238E+001  0.35756182E+001
  0.10895926E+001 -0.42235250E+001  0.79470423E+001  0.80427945E+001  0.46490141E+001  0.32654718E+001
 -0.22820101E+001 -0.12127628E+001  0.27336204E+001  0.50363878E+001  0.29112068E+001  0.24992874E+001
  0.45378588E+000 -0.35428188E+001  0.84252104E+001  0.83185381E+001  0.48084035E+001  0.33683264E+001
 -0.35341179E+001 -0.44896798E+001  0.37037662E+001  0.55958386E+001  0.32345887E+001  0.25925815E+001
  0.25661710E+001 -0.25870287E+001  0.20142176E+001  0.46215322E+001  0.26714059E+001  0.24446571E+001
  0.21152004E+001 -0.64809743E+000  0.11333273E+002  0.99955207E+001  0.57777575E+001  0.41117430E+001
  0.36486895E+001  0.40028334E+001  0.25844957E+001  0.49503926E+001  0.28614986E+001  0.24869450E+001
 -0.29061757E+001 -0.34878361E+001  0.14033637E+001  0.42692731E+001  0.24677879E+001  0.24079979E+001
  0.33746876E+001  0.31228008E+001  0.10380472E+002  0.94460722E+001  0.54601573E+001  0.38458663E+001
 -0.16571354E+000 -0.41827797E+001  0.82284434E+001  0.82050691E+001  0.47428145E+001  0.33253387E+001
  0.27837793E+001 -0.18552560E+001  0.65084082E+001  0.72131822E+001  0.41694694E+001  0.29890324E+001
 -0.16682262E+001 -0.16508375E+001  0.84889620E+001  0.83553015E+001  0.48296540E+001  0.33824530E+001
  0.38764310E+001  0.37302002E+001  0.81681380E+001  0.81702930E+001  0.47227127E+001  0.33123493E+001
 -0.15865059E+000 -0.21859075E+001  0.10144874E+002  0.93102111E+001  0.53816248E+001  0.37834753E+001
 -0.22360774E+001  0.17406309E+001  0.72273553E+000  0.38767775E+001  0.22409118E+001  0.23776745E+001
  0.39372852E+001 -0.26675015E+001  0.67088343E+001  0.73287612E+001  0.42362781E+001  0.30245741E+001
 -0.17622940E+001  0.18490179E+001  0.82309451E+001  0.82065118E+001  0.47436484E+001  0.33258794E+001
  0.28196104E+000  0.43734800E+001  0.93565429E+001  0.88556065E+001  0.51188476E+001  0.35843724E+001
  0.44855271E+001  0.17938430E+001  0.69996392E+001  0.74964587E+001  0.43332131E+001  0.30778529E+001
  0.30156437E+001 -0.27960973E+001  0.94471508E+000  0.40047857E+001  0.23149050E+001  0.23863453E+001
  0.59272768E+000  0.21684585E+001  0.20740071E+001  0.46560108E+001  0.26913357E+001  0.24487253E+001
 -0.28088090E+001  0.28107965E+001  0.97806190E+001  0.91001571E+001  0.52602063E+001  0.36896288E+001
 -0.47458767E+001 -0.37370770E+001  0.10985516E+002  0.97949811E+001  0.56618387E+001  0.40121835E+001
 -0.47477155E+001  0.31086273E+001  0.10045380E+002  0.92528358E+001  0.53484599E+001  0.37575262E+001
 -0.23398825E+001 -0.43648957E+000  0.80781263E+001  0.81183862E+001  0.46927088E+001  0.32931235E+001
  0.37543430E+001 -0.23719007E+001  0.20251659E+001  0.46278457E+001  0.26750553E+001  0.24453956E+001
  0.36721517E+001 -0.23226764E+001  0.11692232E+001  0.41342521E+001  0.23897411E+001  0.23963149E+001
  0.42134012E+001 -0.39305415E+001  0.49694850E+001  0.63257364E+001  0.36564950E+001  0.27481787E+001
 -0.97830282E+000 -0.20116552E-001  0.73493292E+001  0.76981133E+001  0.44497764E+001  0.31446015E+001
  0.30087807E+001 -0.29961199E+001  0.52357567E+001  0.64792864E+001  0.37452522E+001  0.27857955E+001
 -0.54666149E+000  0.11912502E+001  0.88408209E+001  0.85582068E+001  0.49469403E+001  0.34621717E+001
 -0.35053853E+001 -0.38586382E-002  0.73188968E+001  0.76805639E+001  0.44396323E+001  0.31386763E+001
  0.12220142E+001  0.49700875E+001  0.56942099E+001  0.67436611E+001  0.38980700E+001  0.28545398E+001
  0.38776788E+001 -0.15828938E+001  0.60642488E+001  0.69570502E+001  0.40214163E+001  0.29136967E+001
 -0.46656794E+001  0.35534171E+001  0.53822459E+001  0.65637619E+001  0.37940820E+001  0.28072142E+001
 -0.29176232E+001 -0.36894704E+001  0.51149665E+001  0.64096308E+001  0.37049888E+001  0.27685208E+001
  0.14701365E+001 -0.14351727E+001  0.65916659E+001  0.72611941E+001  0.41972220E+001  0.30036798E+001
 -0.74285769E+000  0.40564229E+001  0.81419612E+001  0.81551977E+001  0.47139871E+001  0.33067382E+001
 -0.10812659E+001 -0.38919229E+001  0.21462052E+001  0.46976450E+001  0.27154017E+001  0.24537519E+001
 -0.42181977E+001  0.51172479E+000  0.40064975E+001  0.57704136E+001  0.33354992E+001  0.26263068E+001
  0.32460686E+001  0.19040418E+001  0.34645478E+001  0.54578893E+001  0.31548493E+001  0.25674838E+001
  0.18919803E+001  0.18879129E+001  0.60591541E+001  0.69541123E+001  0.40197180E+001  0.29128600E+001
 -0.43198249E+001  0.49431529E+001  0.99586413E+001  0.92028166E+001  0.53195471E+001  0.37350975E+001
 -0.35613337E+001 -0.27926669E+001  0.68597232E+001  0.74157738E+001  0.42865744E+001  0.30519660E+001
  0.45331610E+001  0.12145927E+001  0.83010412E+001  0.82469339E+001  0.47670137E+001  0.33410912E+001
  0.38154597E+001  0.12630752E+001  0.19339850E+001  0.45752647E+001  0.26446617E+001  0.24393324E+001
 -0.13818988E+001  0.41597869E+001  0.72105788E+000  0.38758101E+001  0.22403526E+001  0.23776135E+001
 -0.23680412E+001 -0.11933479E+001  0.19427178E+001  0.45803007E+001  0.26475726E+001  0.24399045E+001
  0.34326067E+001  0.47308483E+001  0.13715176E+001  0.42509086E+001  0.24571725E+001  0.24063317E+001
 -0.78652981E+000 -0.38129168E+001  0.55295297E+001  0.66486955E+001  0.38431766E+001  0.28292671E+001
  0.27639656E+000  0.31750736E+001  0.10484618E+002  0.95061300E+001  0.54948727E+001  0.38738700E+001
 -0.31076975E+001 -0.33260632E+001  0.21014372E+001  0.46718289E+001  0.27004791E+001  0.24506203E+001
 -0.37333332E+001  0.18430933E+000  0.11768946E+001  0.41386759E+001  0.23922982E+001  0.23966769E+001
 -0.40416356E+001  0.46062736E+001  0.35052806E+001  0.54813786E+001  0.31684269E+001  0.25716605E+001
  0.41825027E+001 -0.39449875E+001  0.11937754E+002  0.10344105E+002  0.59792515E+001  0.42916915E+001
  0.49968639E+001 -0.49648752E+001  0.33005552E+001  0.53633202E+001  0.31001851E+001  0.25510701E+001
  0.22891888E+001 -0.30918466E+001  0.47742508E+001  0.62131514E+001  0.35914169E+001  0.27216762E+001
  0.28661413E+001  0.36115660E+000  0.60901448E+001  0.69719836E+001  0.40300483E+001  0.29179594E+001
  0.76579524E+000  0.32968563E+001  0.87797544E+001  0.85229918E+001  0.49265848E+001  0.34481236E+001
  0.40761829E+001  0.15293253E+001  0.13503888E+000  0.35378725E+001  0.20450130E+001  0.23604149E+001
 -0.45617863E+001  0.45597721E+001  0.33492056E+001  0.53913753E+001  0.31164019E+001  0.25558722E+001
 -0.15768620E+001 -0.46604257E+001  0.14549846E+001  0.42990412E+001  0.24849949E+001  0.24107502E+001
  0.42735693E+001 -0.82880712E+000  0.39469860E+001  0.57360953E+001  0.33156620E+001  0.26195037E+001
 -0.25261944E+001  0.19540695E+001  0.45893403E+001  0.61065196E+001  0.35297801E+001  0.26974166E+001
  0.46101058E+000 -0.22649960E+001  0.85257811E+001  0.83765339E+001  0.48419270E+001  0.33906561E+001
  0.21120665E+001 -0.20231154E-001  0.64711504E+001  0.71916968E+001  0.41570501E+001  0.29825315E+001
 -0.37104788E+001 -0.44539308E+001  0.36569003E+001  0.55688126E+001  0.32189668E+001  0.25875566E+001
  0.10820309E+001 -0.49837009E+001  0.12343185E+000  0.35311791E+001  0.20411439E+001  0.23601573E+001
  0.46568222E+001  0.36784920E+001  0.23695013E+001  0.48264125E+001  0.27898338E+001  0.24700881E+001
 -0.36917173E+000  0.13110126E+001  0.34842937E+001  0.54692761E+001  0.31614312E+001  0.25695036E+001
