         110
  0.43080584E+001 -0.39418525E+001  0.44889862E+001  0.60486488E+001  0.34963287E+001  0.26845932E+001
 -0.30758857E+001  0.26670549E+001  0.10830691E+002  0.97056986E+001  0.56102304E+001  0.39687900E+001
 -0.25153144E+001 -0.27794490E+001  0.88575364E+001  0.85678461E+001  0.49525121E+001  0.34660326E+001
  0.21914500E+001  0.25095709E+001  0.11169630E+002  0.99011533E+001  0.57232099E+001  0.40645328E+001
  0.19640423E+001  0.27985908E+001  0.37213187E+001  0.56059605E+001  0.32404396E+001  0.25944770E+001
 -0.12361013E+001  0.29633061E+001  0.65693712E+001  0.72483375E+001  0.41897904E+001  0.29997412E+001
  0.39093732E+001  0.23133792E+001  0.41163584E+001  0.58337667E+001  0.33721195E+001  0.26390883E+001
  0.30108544E+001  0.40581465E+000  0.71636554E+001  0.75910414E+001  0.43878851E+001  0.31087957E+001
  0.10050457E+001 -0.45275614E+001  0.28131904E+001  0.50822732E+001  0.29377301E+001  0.25060909E+001
  0.25925844E+001  0.35308624E+001  0.21664711E+001  0.47093317E+001  0.27221570E+001  0.24551852E+001
  0.25915093E+001 -0.18382219E+001  0.99702112E+001  0.92094886E+001  0.53234037E+001  0.37380788E+001
 -0.35046389E+001  0.41633462E+001  0.42148356E+001  0.58905553E+001  0.34049452E+001  0.26507910E+001
 -0.21444286E+000 -0.54630081E+000  0.68799763E+001  0.74274531E+001  0.42933254E+001  0.30556841E+001
 -0.84290751E+000  0.29196835E+001  0.13475229E+001  0.42370716E+001  0.24491743E+001  0.24050924E+001
 -0.13407620E+001  0.46148298E+001  0.50670745E+001  0.63820131E+001  0.36890248E+001  0.27617683E+001
  0.39051442E+000 -0.32984012E+000  0.32465248E+000  0.36472163E+001  0.21082175E+001  0.23650799E+001
  0.82997617E+000  0.32317833E+001  0.45569976E+001  0.60878687E+001  0.35189992E+001  0.26932575E+001
 -0.41897077E+001 -0.15862378E+001  0.68895739E+001  0.74329877E+001  0.42965246E+001  0.30574496E+001
 -0.20996960E+001  0.10346077E+001  0.10351018E+002  0.94290870E+001  0.54503392E+001  0.38379936E+001
  0.38190357E+001  0.36942886E+001  0.59970635E+001  0.69183067E+001  0.39990212E+001  0.29027125E+001
  0.33397666E+001  0.41158989E+001  0.11096569E+002  0.98590213E+001  0.56988562E+001  0.40436621E+001
  0.32098416E+001 -0.23833715E+001  0.64680810E+000  0.38329927E+001  0.22156027E+001  0.23749795E+001
 -0.37855582E+001 -0.16990404E+001  0.60163630E+001  0.69294361E+001  0.40054543E+001  0.29058567E+001
 -0.32108594E+000  0.17030382E+001  0.74090025E+001  0.77325249E+001  0.44696675E+001  0.31562844E+001
 -0.43139806E+001  0.15052260E+001  0.77148936E+001  0.79089221E+001  0.45716312E+001  0.32175104E+001
  0.21464963E+000  0.13055512E+001  0.91113747E+001  0.87142262E+001  0.50371249E+001  0.35254856E+001
  0.39363171E+001 -0.21059824E+000  0.25593240E+001  0.49358769E+001  0.28531080E+001  0.24849142E+001
 -0.28420431E+001 -0.21665891E+001  0.50236383E+001  0.63569648E+001  0.36745461E+001  0.27556915E+001
 -0.18472308E+001  0.40273885E+001  0.11053768E+002  0.98343396E+001  0.56845893E+001  0.40314949E+001
 -0.51989011E+000 -0.18228824E+001  0.58835086E+001  0.68528234E+001  0.39611695E+001  0.28843928E+001
 -0.32941461E+001  0.37279659E+001  0.64206234E+001  0.71625595E+001  0.41402078E+001  0.29737683E+001
  0.27341909E+001  0.12476936E+001  0.73790856E+001  0.77152728E+001  0.44596952E+001  0.31504166E+001
 -0.27004655E+001 -0.20449865E+001  0.32368455E+001  0.53265810E+001  0.30789485E+001  0.25448671E+001
 -0.35096208E+001  0.39143279E+001  0.51885398E+001  0.64520580E+001  0.37295133E+001  0.27790013E+001
  0.44940768E+001  0.12386180E+001  0.10407112E+002  0.94614344E+001  0.54690372E+001  0.38530047E+001
  0.50382940E+000  0.42176189E+001  0.88514708E+001  0.85643483E+001  0.49504903E+001  0.34646308E+001
 -0.45412302E+001 -0.30985485E+001  0.10368570E+002  0.94392089E+001  0.54561900E+001  0.38426826E+001
  0.16881440E+001  0.48377289E+001  0.95948918E+000  0.40133055E+001  0.23198297E+001  0.23869643E+001
 -0.37768481E+001  0.12991317E+001  0.80291206E+001  0.80901263E+001  0.46763735E+001  0.32827377E+001
 -0.76960545E-001  0.98416681E+000  0.10436231E+002  0.94782267E+001  0.54787437E+001  0.38608270E+001
 -0.40833737E+001 -0.21168924E+000  0.94706244E+001  0.89213935E+001  0.51568748E+001  0.36122643E+001
 -0.49986214E+001 -0.29830987E+001  0.37773951E+001  0.56382979E+001  0.32591317E+001  0.26005821E+001
  0.18574039E+001 -0.86463550E+000  0.90279384E-001  0.35120611E+001  0.20300931E+001  0.23594393E+001
  0.13313783E+001  0.32456044E+001  0.10384623E+002  0.94484663E+001  0.54615411E+001  0.38469777E+001
  0.32741029E+001 -0.31640752E+001  0.10003239E+002  0.92285345E+001  0.53344129E+001  0.37466069E+001
  0.49321913E+001 -0.17694820E+001  0.22855448E+001  0.47779976E+001  0.27618483E+001  0.24638058E+001
 -0.13240356E+001 -0.19219763E+001  0.65855838E+001  0.72576867E+001  0.41951946E+001  0.30026041E+001
 -0.44480713E+001  0.13229756E+001  0.58044774E+001  0.68072487E+001  0.39348258E+001  0.28718250E+001
 -0.17070963E+001  0.28732213E+001  0.25618745E+001  0.49373477E+001  0.28539582E+001  0.24851193E+001
  0.22618646E+001  0.17551833E+001  0.11089275E+002  0.98548155E+001  0.56964251E+001  0.40415857E+001
  0.27861105E+001  0.39565898E+001  0.33653910E+001  0.54007089E+001  0.31217970E+001  0.25574824E+001
  0.86720020E-002  0.97788604E+000  0.91153255E+001  0.87165045E+001  0.50384418E+001  0.35264231E+001
 -0.29386250E+001 -0.14467137E+001  0.10865142E+002  0.97255651E+001  0.56217139E+001  0.39783960E+001
  0.26230709E+001  0.27479288E+001  0.30672350E+001  0.52287723E+001  0.30224117E+001  0.25288272E+001
 -0.18242856E+000 -0.36229613E+001  0.46933740E+000  0.37306513E+001  0.21564458E+001  0.23692186E+001
  0.38155803E+001  0.21381700E+001  0.11320245E+002  0.99880078E+001  0.57734148E+001  0.41079609E+001
  0.45532182E+000 -0.77056972E-001  0.23712335E+001  0.48274114E+001  0.27904112E+001  0.24702195E+001
 -0.36843832E+001  0.18185330E+001  0.11941610E+002  0.10346328E+002  0.59805366E+001  0.42928673E+001
  0.24956104E+001  0.14321891E+001  0.11544522E+002  0.10117341E+002  0.58481740E+001  0.41736354E+001
 -0.33732008E+001  0.15725684E+001  0.85705823E+001  0.84023692E+001  0.48568608E+001  0.34006812E+001
 -0.15684779E+001  0.14583679E-001  0.84392233E+000  0.39466619E+001  0.22813074E+001  0.23822620E+001
  0.19678375E+001  0.48498440E+001  0.11789985E+002  0.10258891E+002  0.59299949E+001  0.42468940E+001
 -0.45360715E+000 -0.38626367E+001  0.11299118E+002  0.99758247E+001  0.57663726E+001  0.41018365E+001
 -0.17648209E+001  0.44755175E+001  0.11412703E+002  0.10041325E+002  0.58042343E+001  0.41348893E+001
  0.21301270E+001 -0.50089642E+000  0.80613015E+001  0.81086839E+001  0.46871005E+001  0.32895513E+001
 -0.42329016E+001 -0.29637847E+001  0.29512253E+001  0.51618733E+001  0.29837418E+001  0.25182530E+001
  0.24901462E+001 -0.29232320E+001  0.28474820E+001  0.51020480E+001  0.29491607E+001  0.25090697E+001
  0.42454929E+001 -0.49103410E+001  0.53314160E+001  0.65344499E+001  0.37771387E+001  0.27997240E+001
 -0.27301624E+001 -0.25732358E+001  0.98183535E+001  0.91219173E+001  0.52727845E+001  0.36992032E+001
  0.23833257E+000 -0.10311355E+001  0.67190768E+001  0.73346677E+001  0.42396923E+001  0.30264163E+001
 -0.36908501E+001  0.83306699E+000  0.11954402E+002  0.10353705E+002  0.59848006E+001  0.42967711E+001
  0.20150902E+001  0.18369853E+001  0.75080614E+001  0.77896488E+001  0.45026871E+001  0.31758664E+001
  0.14611257E+001  0.11473783E+001  0.10944484E+002  0.97713192E+001  0.56481613E+001  0.40006273E+001
 -0.48102982E+001 -0.76578858E+000  0.21208004E+001  0.46829949E+001  0.27069335E+001  0.24519689E+001
 -0.61509653E+000 -0.43954481E+001  0.27268382E+001  0.50324768E+001  0.29089461E+001  0.24987145E+001
 -0.17411064E+001  0.48627750E+001  0.10975668E+002  0.97893022E+001  0.56585561E+001  0.40094063E+001
 -0.19338336E+001 -0.10380880E+001  0.21985723E+001  0.47278434E+001  0.27328574E+001  0.24574758E+001
 -0.37018019E+001  0.47859136E+001  0.78256712E+001  0.79728038E+001  0.46085571E+001  0.32402359E+001
 -0.39456012E+001  0.28827152E+001  0.32557695E+001  0.53374938E+001  0.30852565E+001  0.25466995E+001
 -0.45274656E+001 -0.22093892E+001  0.10108926E+002  0.92894806E+001  0.53696419E+001  0.37740722E+001
  0.40499897E+001  0.17909120E+001  0.11100577E+002  0.98613326E+001  0.57001922E+001  0.40448037E+001
 -0.11661355E+001 -0.47479613E+001  0.93639172E+001  0.88598590E+001  0.51213057E+001  0.35861660E+001
 -0.42978558E+001 -0.29665480E+001  0.10887545E+002  0.97384844E+001  0.56291817E+001  0.39846580E+001
 -0.37714284E+001 -0.25007789E+001  0.51606568E+001  0.64359788E+001  0.37202189E+001  0.27750141E+001
 -0.48733751E+001  0.27264590E+001  0.26625964E+001  0.49954306E+001  0.28875321E+001  0.24933427E+001
 -0.24229986E+001 -0.26350445E+001  0.53888589E+001  0.65675754E+001  0.37962863E+001  0.28081933E+001
  0.18400296E+000 -0.18378306E+001  0.77239909E+001  0.79141682E+001  0.45746636E+001  0.32193656E+001
 -0.37804625E+000 -0.42748353E+001  0.52803214E+001  0.65049854E+001  0.37601071E+001  0.27922571E+001
  0.44049307E+001 -0.15141173E+001  0.11002130E+002  0.98045619E+001  0.56673767E+001  0.40168741E+001
  0.15467649E+001  0.21540049E+001  0.72398133E+001  0.76349591E+001  0.44132711E+001  0.31233823E+001
 -0.49771011E+000 -0.36027186E+001  0.11457814E+002  0.10067340E+002  0.58192714E+001  0.41481022E+001
 -0.99425716E+000  0.49642206E+001  0.58108795E+001  0.68109406E+001  0.39369598E+001  0.28728375E+001
 -0.51516625E+000  0.14036024E+001  0.28299923E+000  0.36231963E+001  0.20943331E+001  0.23639814E+001
 -0.21888756E+001 -0.16334630E+001  0.69451664E+001  0.74650460E+001  0.43150555E+001  0.30677188E+001
  0.41472824E+001  0.55779400E+000  0.65777263E+001  0.72531556E+001  0.41925754E+001  0.30012158E+001
  0.38766438E+001 -0.51060690E+000  0.50982487E+001  0.63999901E+001  0.36994162E+001  0.27661575E+001
  0.17753866E+001  0.37479494E+001  0.66307868E+000  0.38423754E+001  0.22210262E+001  0.23755454E+001
 -0.87672646E+000 -0.34574983E+001  0.79096498E+001  0.80212315E+001  0.46365499E+001  0.32576594E+001
 -0.94036022E+000  0.79310057E+000  0.10503893E+002  0.95172448E+001  0.55012975E+001  0.38790811E+001
  0.31818244E+001  0.10323348E+001  0.66083072E+001  0.72707906E+001  0.42027691E+001  0.30066274E+001
 -0.49331202E+001  0.35937505E+001  0.42328780E+001  0.59009597E+001  0.34109593E+001  0.26529603E+001
  0.33523928E+001  0.49093159E+001  0.88143131E+001  0.85429207E+001  0.49381044E+001  0.34560628E+001
  0.49476059E+001  0.32354789E+001  0.11677504E+002  0.10194027E+002  0.58925013E+001  0.42131449E+001
  0.29216224E+001 -0.47232083E+001  0.31260232E+001  0.52626735E+001  0.30420077E+001  0.25343088E+001
 -0.37981256E+001 -0.29907602E+001  0.11383778E+002  0.10024645E+002  0.57945925E+001  0.41264429E+001
  0.31820101E+001 -0.23934885E+001  0.88172504E+001  0.85446145E+001  0.49390835E+001  0.34567389E+001
 -0.39333491E+001 -0.13724423E+001  0.22283121E+001  0.47449933E+001  0.27427707E+001  0.24596200E+001
 -0.32933550E+001 -0.43736011E+001  0.10820476E+002  0.96998078E+001  0.56068253E+001  0.39659471E+001
 -0.39111609E+001 -0.17749054E+001  0.17083090E+001  0.44451249E+001  0.25694363E+001  0.24251818E+001
 -0.88750651E+000  0.46042737E+001  0.50655291E+001  0.63811219E+001  0.36885097E+001  0.27615514E+001
