                 7503        1052
        1100      500000
           0                 1100
                  189                  184                  177                  534                   16                    0                    0
                  151                  139                  141                  491                   14                    0                    0
  0.16693105926066931     
   8.4066417443602187E-003
           0           0
           1
   1.0000000000000000     
           0           0
