          61
 -0.31260056E+000  0.23677620E+001  0.81826634E+000  0.24901526E+001  0.16549044E+001
 -0.10176020E+001 -0.13719114E+001  0.16133952E+001  0.20161291E+001  0.19610309E+001
 -0.13247990E+001  0.56703977E+001  0.27675316E+001  0.13636757E+001  0.22442560E+001
  0.15744864E+001 -0.27047032E+001  0.17861152E+001  0.12129560E+001  0.20115305E+001
  0.19955114E+001 -0.23267195E+001  0.26608310E+001  0.21626292E+001  0.22223045E+001
  0.52130429E+000  0.26610858E+001  0.22565360E+001  0.13304012E+001  0.21326020E+001
 -0.62033886E+000 -0.15896842E+001  0.22528094E+001  0.12148559E+001  0.21317210E+001
 -0.50668443E+001 -0.39956765E+000  0.13894799E+001  0.16337895E+001  0.18891321E+001
  0.45398287E+001 -0.19985718E+001  0.24576648E+001  0.21656234E+001  0.21786121E+001
  0.27520647E+001  0.16626863E+001  0.64982815E+000  0.22193560E+001  0.15622441E+001
 -0.54228194E+001 -0.33615075E+001  0.23043438E+001  0.10455447E+001  0.21438089E+001
 -0.99133833E+000 -0.39912475E+001  0.18727436E+001  0.99568330E+000  0.20354893E+001
  0.21903455E+001  0.19479851E+001  0.29715471E+001  0.11664369E+001  0.22845197E+001
  0.18243303E+001 -0.12298273E+001  0.15399676E+001  0.12118141E+001  0.19383275E+001
 -0.43254647E+001  0.11827024E-001  0.20445306E+001  0.19567985E+001  0.20806434E+001
  0.91524581E+000  0.54655566E+000  0.13565277E+001  0.10802109E+001  0.18778306E+001
  0.29760763E+001  0.24069247E+001  0.19805714E+001  0.14932412E+001  0.20641767E+001
 -0.17380353E+001 -0.28833290E+001  0.17258820E+001  0.41402890E+000  0.19943530E+001
 -0.17823718E+001  0.34060683E+001  0.23658730E+001  0.17646367E+001  0.21579785E+001
  0.19157721E+001 -0.27729756E+000  0.16022558E+001  0.19275391E+001  0.19576372E+001
 -0.41465663E+001  0.38202439E+001  0.14875476E+001  0.12880540E+001  0.19216176E+001
  0.44860176E+001  0.58491150E+000  0.24294998E+001  0.23020147E+001  0.21723433E+001
 -0.19122742E+001  0.59840972E+001  0.91811450E+000  0.37724128E+000  0.17032306E+001
  0.50364926E+001  0.38204972E+001  0.72420259E+000  0.14292775E+001  0.16051450E+001
  0.33285989E+001  0.76887113E+000  0.23262850E+001  0.18865738E+001  0.21488939E+001
 -0.11567572E+001  0.73462609E+000  0.24128153E+001  0.16192971E+001  0.21686041E+001
 -0.30047148E+001  0.40221386E+001  0.20197153E+001  0.16422931E+001  0.20743011E+001
 -0.27165203E+001  0.25212211E+001  0.18774224E+001  0.68059946E+000  0.20367595E+001
 -0.86898343E+000  0.33533410E+000  0.97840778E+000  0.19610057E+001  0.17305304E+001
 -0.90376491E+000 -0.45207305E+001  0.13066224E+001  0.75195923E+000  0.18603162E+001
 -0.22450307E+001 -0.10185909E+001  0.21793232E+001  0.60880798E+000  0.21141201E+001
  0.55928446E+001 -0.56337519E+001  0.14342620E+001  0.12459938E+001  0.19041729E+001
  0.24122654E+001 -0.15971753E+001  0.16534377E+001  0.24028496E+001  0.19730869E+001
  0.44033410E+001  0.15224756E+001  0.28968076E+001  0.93947162E+000  0.22700173E+001
  0.42237024E+001 -0.36899816E+001  0.23322067E+001  0.13688741E+001  0.21502602E+001
 -0.11414407E+001  0.56944799E+001  0.10982724E+001  0.18827563E+001  0.17812577E+001
  0.28171791E+001  0.66610117E+000  0.19171327E+001  0.86006923E+000  0.20474452E+001
  0.13734994E+001  0.37490264E+001  0.25939821E+001  0.22319218E+001  0.22082132E+001
  0.50663471E+001 -0.14065195E+001  0.17315087E+001  0.51852953E+000  0.19959765E+001
 -0.55944956E+001  0.35928579E+001  0.28593581E+001  0.28662054E+000  0.22626448E+001
  0.53652729E+001  0.15551067E+001  0.14607324E+001  0.82273343E+000  0.19128985E+001
  0.94359427E+000  0.12603260E+001  0.62329894E+000  0.22378206E+001  0.15460493E+001
  0.44354740E+001  0.30039033E+001  0.96019095E+000  0.23079477E+001  0.17224184E+001
 -0.54334521E+001  0.18414406E+000  0.56538565E+000  0.10539371E+001  0.15088131E+001
 -0.90336464E+000 -0.48945341E+001  0.24449986E+001  0.15922882E+001  0.21757997E+001
 -0.36964510E+001 -0.43959435E+001  0.13753110E+001  0.38568894E+000  0.18842975E+001
 -0.27465796E+001  0.31336100E+001  0.15795777E+001  0.44880013E+000  0.19506731E+001
  0.59455765E+001  0.35165644E+001  0.21076535E+001  0.21131980E+001  0.20965202E+001
 -0.36040803E+001 -0.35025417E+001  0.28634723E+001  0.12029964E+001  0.22634583E+001
  0.38871099E+001  0.51225653E+001  0.19981351E+001  0.45536281E+000  0.20687378E+001
 -0.26146813E+000  0.26248627E+001  0.19952581E+001  0.42111189E+000  0.20679928E+001
  0.50621457E+001 -0.27001039E+001  0.19433174E+001  0.10732088E+001  0.20544008E+001
  0.52814401E+001  0.18833387E+001  0.26406008E+001  0.13534961E+001  0.22180684E+001
  0.45112789E+000  0.29903142E+001  0.17826960E+001  0.85309958E+000  0.20105671E+001
  0.18236636E+001  0.37145515E-001  0.19493388E+001  0.12857697E+001  0.20559904E+001
 -0.21879452E+001 -0.25886779E+000  0.20683379E+001  0.13268800E+001  0.20866741E+001
  0.55757607E+001 -0.78493453E+000  0.19684882E+001  0.43023756E+000  0.20610212E+001
  0.23813697E+001  0.17735718E+001  0.79033393E+000  0.18607640E+001  0.16405970E+001
 -0.10233970E+001 -0.57319742E+001  0.17169765E+001  0.40588101E+000  0.19917753E+001
 -0.53190782E+001  0.50802296E+001  0.59576041E+000  0.17400458E+001  0.15286820E+001
  0.33809751E+001 -0.56086301E+001  0.28462982E+001  0.11409806E+001  0.22600568E+001
