           1
   1.0000000000000000     
           0
           1
  0.77775445393207199        5.4404942859537626E-002
           1
   1.5217280306123333        8.8465324675722865E-002
           1
   2.2065919617591532       0.11981956589902298     
           1
   2.8052889449460081       0.14722893698251560     
           1
   3.3093146615667446       0.17030409568624560     
           1
   3.7522327894746033       0.19058164454378407     
           1
   4.1961545254659809       0.21090514029458585     
           1
   4.6321503301630047       0.23086577336505004     
           1
   4.1930619605891692       0.21076355738922842     
           1
   3.7049094366003343       0.18841510057200478     
           1
   3.2202878341899428       0.16622829537910555     
           1
   2.7100288507490267       0.14286776706748594     
           1
   2.1318943760574842       0.11639978276492453     
           1
   1.4679488271834602        8.6003220832288993E-002
           1
  0.75132904276433576        5.3195142374365824E-002
           0
           0
           1
  0.79003300718344882        5.4967076011844453E-002
           1
   1.5309294045109854        8.8886579298259369E-002
           1
   2.2146337678237864       0.12018773352437784     
           1
   2.8349669271375153       0.14858764572790845     
           1
   3.3610799599449481       0.17267399951462858     
           1
   3.8112662481729824       0.19328429717315415     
           1
   4.2344416196355557       0.21265798889959536     
           1
   4.6238225671573092       0.23048451414222337     
           1
   4.1898385621335859       0.21061598469903592     
           1
   3.7079921296149041       0.18855623152663742     
           1
   3.2234456534241347       0.16637286574046567     
           1
   2.7379202392487545       0.14414468250032070     
           1
   2.1566547265725169       0.11753335392777113     
           1
   1.4956046122013276        8.7269349935069920E-002
           0
           0
           0
           1
  0.79094149107092993        5.5008667956842727E-002
           1
   1.5347920348171187        8.9063417115038720E-002
           1
   2.2397560433609973       0.12133787423328174     
           1
   2.8724211715085000       0.15030236504577033     
           1
   3.3985814337071014       0.17439088107473483     
           1
   3.8417150301149863       0.19467829444844736     
           1
   4.2380974538247713       0.21282535923672075     
           1
   4.5739820828776798       0.22820273159284482     
           1
   4.1961375533355207       0.21090436328144746     
           1
   3.7134196072223205       0.18880471072724597     
           1
   3.2629139429872662       0.16817979148929474     
           1
   2.7645318107486259       0.14536300572365185     
           1
   2.1898063687477056       0.11905109276381821     
           0
           0
           0
           0
           1
  0.78412539548618720        5.4696615452037536E-002
           1
   1.5418159300051071        8.9384983040816976E-002
           1
   2.2636603577808887       0.12243225460069843     
           1
   2.8865701954054783       0.15095013154092979     
           1
   3.3968979727298279       0.17431380935410401     
           1
   3.8108559615962134       0.19326551355247618     
           1
   4.1483978105293735       0.20871875626696246     
           1
   4.5078261281851599       0.22517399892427875     
           1
   4.2086875672823689       0.21147892436832838     
           1
   3.7569888712738990       0.19079938609685893     
           1
   3.2796808754154441       0.16894741031110588     
           1
   2.7746779329156723       0.14582751253652187     
           0
           0
           0
           0
           0
           1
  0.79432960713684664        5.5163781700744242E-002
           1
   1.5715208254189961        9.0744923919526085E-002
           1
   2.2885800689205009       0.12357312156529092     
           1
   2.9153910178798426       0.15226959804955720     
           1
   3.4196572717896956       0.17535576896146921     
           1
   3.7776814978407218       0.19174672990547997     
           1
   4.1387907719662564       0.20827892962279226     
           1
   4.5644733294359892       0.22776740460950612     
           1
   4.2248616022696659       0.21221939933201439     
           1
   3.7564246337461205       0.19077355433853638     
           1
   3.2764443536132544       0.16879923681167747     
           0
           0
           0
           0
           0
           0
           1
  0.82593367054065436        5.6610669735773535E-002
           1
   1.6005078038468588        9.2071997331670721E-002
           1
   2.3153123071045849       0.12479696911564878     
           1
   2.9442144411718365       0.15358918362806057     
           1
   3.4333646539733351       0.17598331634421155     
           1
   3.8162954328013661       0.19351454184048655     
           1
   4.2482506560407671       0.21329019018633172     
           1
   4.6511413298380724       0.23173521378642919     
           1
   4.2065402182191027       0.21138061505832056     
           1
   3.7315325135603254       0.18963395053496351     
           0
           0
           0
           0
           0
           0
           0
           1
  0.82688343773440032        5.6654151701087174E-002
           1
   1.6044187141829500        9.2251045490733749E-002
           1
   2.3244877674246402       0.12521703737026996     
           1
   2.9331126187758612       0.15308092322538647     
           1
   3.3960572484646505       0.17427531956041825     
           1
   3.8376906015042462       0.19449404922876440     
           1
   4.2769747392199537       0.21460522780469521     
           1
   4.6406120123596128       0.23125316363730908     
           1
   4.1700650317224381       0.20971071868318775     
           0
           0
           0
           0
           0
           0
           0
           0
           1
  0.81975760527692410        5.6327918912897554E-002
           1
   1.5965759309034955        9.1891989468620996E-002
           1
   2.2985891473678048       0.12403135428245883     
           1
   2.8636068945175643       0.14989883238123070     
           1
   3.3486228438026759       0.17210369144800663     
           1
   3.7990599561534273       0.19272547226353698     
           1
   4.2314503962958900       0.21252104558300461     
           1
   4.5821710185550355       0.22857763506331957     
           0
           0
           0
           0
           0
           0
           0
           0
           0
           1
  0.81525008944871191        5.6121557134786462E-002
           1
   1.5784225157962126        9.1060895100215089E-002
           1
   2.2370887586241750       0.12121576137955106     
           1
   2.8149248494318324       0.14767008515796015     
           1
   3.3002495081697862       0.16988907747108201     
           1
   3.7406474752217806       0.19005124905759968     
           1
   4.1906852635811136       0.21065474813834484     
           0
           0
           0
           0
           0
           0
           0
           0
           0
           0
           1
  0.81203195543572726        5.5974225459773201E-002
           1
   1.5291208278199717        8.8803779566426613E-002
           1
   2.1926022396352862       0.11917909251128865     
           1
   2.7779914785130435       0.14597921231692995     
           1
   3.2634994567227911       0.16820659730876969     
           1
   3.7211321395208179       0.18915780363684720     
           0
           0
           0
           0
           0
           0
           0
           0
           0
           0
           0
           1
  0.76661665714504346        5.3895035487759674E-002
           1
   1.4874816753724502        8.6897468004672795E-002
           1
   2.1550655695399836       0.11746059960289916     
           1
   2.7360336795471865       0.14405831257298918     
           1
   3.2338108014890699       0.16684739993326364     
           0
           0
           0
           0
           0
           0
           0
           0
           0
           0
           0
           0
           1
  0.76001011078144731        5.3592576504425213E-002
           1
   1.4802105430995700        8.6564583142611728E-002
           1
   2.1452859654734251       0.11701287261506119     
           1
   2.7205265666264289       0.14334837044130147     
           0
           0
           0
           0
           0
           0
           0
           0
           0
           0
           0
           0
           0
           1
  0.75583112228302252        5.3401255268936007E-002
           1
   1.4759848305034438        8.6371122798076697E-002
           1
   2.1348394751239845       0.11653461443346187     
           0
           0
           0
           0
           0
           0
           0
           0
           0
           0
           0
           0
           0
           0
           1
  0.76471159672130429        5.3807818565748823E-002
           1
   1.4767467898136433        8.6406006597511603E-002
           0
           0
           0
           0
           0
           0
           0
           0
           0
           0
           0
           0
           0
           0
           0
           1
  0.76192149378025797        5.3680082884728336E-002
           0
           0
           0
           0
           0
           0
           0
           0
           0
           0
           0
           0
           0
           0
           0
           0
