                 6617         933
        1000      500000
           0                 1000
                  183                  159                  158                  469                   31                    0                    0
                   50                   45                   80                  278                   25                    0                    0
   4.5781709033496258E-002
   1.8798014750113737E-002
           0           0
           1
   1.0000000000000000     
           0           0
