          80
  0.13313652E+001  0.37790029E+001  0.11195945E+001  0.41819701E+000  0.17898409E+001
  0.24830740E+001  0.11995921E+001  0.17503490E+001  0.12531473E+001  0.20013840E+001
  0.44277984E+001  0.53071996E+001  0.22366517E+001  0.11495859E+001  0.21278884E+001
 -0.56003004E+001 -0.34471158E+001  0.12811246E+001  0.24688772E+000  0.18511734E+001
 -0.34907013E+001 -0.51945632E+001  0.57466233E+000  0.39528966E+000  0.15149644E+001
 -0.16402848E+001  0.15568237E+001  0.88633667E+000  0.34227796E+000  0.16882973E+001
  0.48689011E+000 -0.36062841E+001  0.17053836E+001  0.15697705E+001  0.19884047E+001
 -0.48590951E+001  0.25665046E+001  0.26629634E+001  0.53881029E+000  0.22227497E+001
  0.13263164E+001 -0.12426635E+001  0.27863580E+001  0.19675017E+001  0.22480630E+001
  0.35987502E+001  0.42510833E+000  0.27076248E+001  0.38174985E+000  0.22320112E+001
 -0.68146134E+000  0.27824133E+001  0.23114572E+001  0.11215735E+001  0.21454615E+001
 -0.55787197E+001 -0.10008649E+001  0.27586465E+001  0.19956234E+001  0.22424526E+001
 -0.12697526E-001 -0.21873148E+001  0.15439857E+001  0.22038281E+001  0.19395906E+001
 -0.22853336E+001 -0.30646420E+001  0.10962200E+001  0.20346787E+001  0.17804250E+001
  0.30540859E+001  0.12028533E-001  0.62868211E+000  0.81014114E+000  0.15493767E+001
 -0.31405002E+001 -0.28501078E+001  0.28526481E+001  0.74512855E+000  0.22613162E+001
 -0.54254384E+001 -0.38202730E+001  0.13288857E+001  0.31417783E+000  0.18681905E+001
  0.34664020E+001  0.40773403E+001  0.12182703E+001  0.14433483E+001  0.18280378E+001
  0.45314835E+001 -0.98930188E+000  0.17719901E+001  0.20476491E+001  0.20075417E+001
  0.59025486E+001 -0.21016156E+001  0.84188346E+000  0.13554957E+001  0.16667185E+001
  0.54691690E-001  0.36873908E+001  0.27934295E+001  0.20711914E+001  0.22494880E+001
 -0.59450672E+001  0.12176204E+001  0.87980163E+000  0.15465577E+001  0.16851767E+001
 -0.14265663E+001 -0.31187448E+001  0.26111835E+001  0.94861641E+000  0.22118649E+001
 -0.53661754E+001  0.40722947E+001  0.15169884E+001  0.22531941E+001  0.19310558E+001
 -0.45125807E+001 -0.50405307E+001  0.25423410E+001  0.23974952E+001  0.21971398E+001
  0.31743649E+001  0.58847719E+001  0.18151820E+001  0.72070038E+000  0.20196648E+001
  0.93154527E+000 -0.38113179E+001  0.21017762E+001  0.80495193E+000  0.20950571E+001
 -0.61180053E+000 -0.10550591E+001  0.55726037E+000  0.17946804E+001  0.15033628E+001
  0.38660793E+001 -0.59738356E+001  0.22035833E+001  0.19558396E+001  0.21199793E+001
 -0.30327859E+001  0.11922293E+001  0.25114303E+001  0.45050978E+000  0.21904308E+001
  0.45049120E+001  0.53360813E+001  0.18489604E+001  0.19673824E+001  0.20289958E+001
  0.15009707E+001 -0.59880952E+001  0.18997772E+001  0.23678822E+001  0.20427956E+001
 -0.15281104E+001  0.31419858E+001  0.20154336E+001  0.11110125E+001  0.20732008E+001
 -0.45933778E+001  0.89889279E+000  0.69402756E+000  0.35273916E+000  0.15881570E+001
  0.42916916E+001 -0.45024452E+001  0.10240314E+001  0.12641391E+001  0.17503608E+001
  0.15511309E+001 -0.53661945E+000  0.11838716E+001  0.43201738E+000  0.18149949E+001
 -0.19418775E+001 -0.73761924E+000  0.17917767E+001  0.12324949E+001  0.20131226E+001
 -0.49706963E+001  0.20920419E+001  0.17000296E+001  0.10383174E+001  0.19868422E+001
 -0.58416897E+001  0.14244090E+001  0.24540447E+001  0.45593094E+000  0.21778094E+001
 -0.19715559E+001 -0.19223353E+001  0.25025145E+001  0.59064905E+000  0.21884841E+001
 -0.28852536E+001  0.24257072E+000  0.28789032E+001  0.37494607E+000  0.22665015E+001
  0.45378551E+001 -0.26778521E+001  0.28070779E+001  0.71138746E+000  0.22522307E+001
 -0.45457574E+001  0.38444007E+001  0.81252471E+000  0.24627124E+001  0.16519937E+001
  0.10206189E+001  0.47921997E+001  0.52193100E+000  0.15748427E+001  0.14789467E+001
  0.37570416E+001  0.30234266E+001  0.15285588E+001  0.97968652E+000  0.19347274E+001
 -0.23928885E+001 -0.16398756E+001  0.93974801E+000  0.45824207E+000  0.17131765E+001
 -0.21653787E+001 -0.57645890E+001  0.28657560E+001  0.48153223E+000  0.22639095E+001
 -0.51975062E+001  0.10082458E+001  0.10219534E+001  0.14666248E+001  0.17494721E+001
  0.41159559E+001  0.17471097E+001  0.12996138E+001  0.21099672E+001  0.18578166E+001
  0.55436951E+001 -0.43421738E+001  0.20831119E+001  0.20676524E+001  0.20903904E+001
  0.13837209E+001  0.34888468E+001  0.21795017E+001  0.13040680E+001  0.21141634E+001
 -0.58493307E+001  0.34153507E+001  0.26301785E+001  0.14268357E+001  0.22158765E+001
 -0.26120854E+001  0.45313269E+001  0.17345213E+001  0.48404734E+000  0.19968441E+001
 -0.86507887E+000 -0.41967571E+001  0.25672284E+001  0.17894633E+001  0.22024973E+001
 -0.58713287E+001  0.43091583E+001  0.17788117E+001  0.14214872E+001  0.20094710E+001
  0.37561296E+001  0.12208369E+001  0.18460633E+001  0.71359092E+000  0.20282005E+001
 -0.53117193E+001 -0.42135830E+001  0.11183111E+001  0.32430434E+000  0.17893278E+001
 -0.10137961E+001  0.16006473E+001  0.15442833E+001  0.97638513E+000  0.19396841E+001
 -0.52516341E+001 -0.24963104E+001  0.17628458E+001  0.27667617E+000  0.20049467E+001
  0.46294994E+001 -0.18750541E+001  0.11264506E+001  0.22750885E+001  0.17925748E+001
 -0.55763231E+001  0.52445405E+001  0.22686675E+001  0.14262354E+001  0.21354626E+001
  0.26553816E+001  0.15661442E-001  0.60788787E+000  0.18014774E+001  0.15364029E+001
 -0.23168101E+001  0.56741122E+001  0.62530134E+000  0.59029936E+000  0.15472895E+001
 -0.19539673E+001  0.40899575E+001  0.15192364E+001  0.18576661E+001  0.19317708E+001
 -0.50793072E+001 -0.18055257E+001  0.16878657E+001  0.69513498E+000  0.19832786E+001
 -0.57309258E+001 -0.34155294E+001  0.15791389E+001  0.93253930E+000  0.19505376E+001
 -0.98502481E+000  0.38213164E+001  0.10886747E+001  0.24569838E+001  0.17773534E+001
 -0.40127407E+001 -0.51555183E+001  0.12380600E+001  0.74448595E+000  0.18354167E+001
  0.46483231E+001  0.23247073E+001  0.26528373E+001  0.10631865E+001  0.22206336E+001
  0.24874739E+001  0.55565798E+001  0.27096724E+001  0.27058272E+000  0.22324331E+001
 -0.50272788E+000  0.38592402E+001  0.85667175E+000  0.34517749E+000  0.16739900E+001
 -0.58905296E+001  0.33445663E+001  0.14207518E+001  0.87059568E+000  0.18996728E+001
  0.12354653E+001  0.22212288E+001  0.23224974E+001  0.28473844E+000  0.21480187E+001
  0.78126905E+000  0.26427500E+001  0.25477000E+001  0.54555751E+000  0.21982968E+001
 -0.31892128E+000 -0.26380860E+001  0.10100919E+001  0.18278621E+001  0.17443735E+001
 -0.72694681E+000 -0.49150876E+001  0.21437490E+001  0.29721918E+000  0.21054393E+001
 -0.57286850E+001 -0.29061417E+001  0.19464669E+001  0.16003016E+001  0.20552327E+001
 -0.55582221E+001 -0.30355127E+001  0.25284215E+001  0.26627262E+000  0.21941263E+001
  0.36261119E+001 -0.16095613E+001  0.21021475E+001  0.12866917E+001  0.20951496E+001
  0.52243355E+001 -0.42761677E+001  0.20530841E+001  0.58286957E+000  0.20828162E+001
