           1
   1.0000000000000000     
           0
           1
  0.70683920291681457       0.20032107002864247     
           1
   1.4357598352439638       0.30698136784852620     
           1
   2.1275361249401676       0.40820646947332911     
           1
   2.8123760652960588       0.50841660039541159     
           1
   3.5932377031400971       0.62267723612836612     
           1
   3.8462257467095045       0.65969605391904163     
           1
   3.9240651871608474       0.67108601536678836     
           1
   4.0061661047215402       0.68309954321871913     
           1
   3.8438517692745635       0.65934867845867073     
           1
   3.7160496670975984       0.64064786292998599     
           1
   3.4884522831986193       0.60734436777141254     
           1
   2.5962913677059607       0.47679771463867632     
           1
   1.8367964737230844       0.36566359661231601     
           1
   1.2945479961479152       0.28631835442058667     
           1
  0.70876793924253967       0.20060329498125645     
           0
           0
           1
  0.77339102088615885       0.21005935484355093     
           1
   1.5026235177004219       0.31676528665649206     
           1
   2.1900303189772083       0.41735101697601629     
           1
   2.9702005140233236       0.53151047640598104     
           1
   3.6818898339110104       0.63564937911765818     
           1
   3.8696548385715706       0.66312434748740900     
           1
   4.0736018945456953       0.69296717641137551     
           1
   4.0045151328052189       0.68285796251915121     
           1
   3.9183978649891080       0.67025673678161635     
           1
   3.8686535471192576       0.66297783216081263     
           1
   3.2561177180036878       0.57334769814988007     
           1
   2.4966460680722267       0.46221698134079436     
           1
   1.9562424470356514       0.38314169027833028     
           1
   1.3860235785798332       0.29970364279455702     
           0
           0
           0
           1
  0.77142655844856289       0.20977190221927686     
           1
   1.4624893284219551       0.31089259710518352     
           1
   2.2423101385502107       0.42500093231429353     
           1
   2.9533491212440817       0.52904467355612139     
           1
   3.6278080034809714       0.62773578210244363     
           1
   3.8787888910440924       0.66446090007463821     
           1
   3.9891602785831206       0.68061114269861567     
           1
   4.1048551750462705       0.69754035496909761     
           1
   4.1449362319183045       0.70340526984914198     
           1
   3.9264074097360231       0.67142874425433696     
           1
   3.1669668855143698       0.56030258195685467     
           1
   2.6281245068137746       0.48145574179170297     
           1
   2.0806179620387946       0.40134110580232762     
           0
           0
           0
           0
           1
  0.69570587160805075       0.19869197026049759     
           1
   1.4777604894885448       0.31312717041149496     
           1
   2.1899969258175123       0.41734613067673981     
           1
   2.8779305617188768       0.51800895078555964     
           1
   3.5521780516332986       0.61666912706426402     
           1
   4.1684721573356640       0.70684919598204288     
           1
   4.3772389836531156       0.73739728432307583     
           1
   4.4508749124851779       0.74817216124540509     
           1
   4.5817640691371277       0.76732469419720206     
           1
   3.8232065688629380       0.65632774157364260     
           1
   3.2801332406464216       0.57686180199572179     
           1
   2.7243391760653219       0.49553448345696266     
           0
           0
           0
           0
           0
           1
  0.76992973214033866       0.20955287708438647     
           1
   1.5159424063410727       0.31871419105847926     
           1
   2.2029133057105970       0.41923613744160920     
           1
   2.8752896042583989       0.51762250911170427     
           1
   3.4863959452104223       0.60704347133288095     
           1
   3.8813199116171031       0.66483125508468055     
           1
   4.2251503776995669       0.71514271326747714     
           1
   4.6420487028351509       0.77614592479355027     
           1
   4.4859272453210668       0.75330124127654852     
           1
   3.9428495422332634       0.67383466153966698     
           1
   3.3867912141086682       0.59246867428033378     
           0
           0
           0
           0
           0
           0
           1
  0.85710690610398987       0.22230919502310775     
           1
   1.5336670052845478       0.32130776698184615     
           1
   2.1928589409265347       0.41776491891012918     
           1
   2.7936887667911838       0.50568215615610457     
           1
   3.1920419408558049       0.56397172335847601     
           1
   3.5383313087938992       0.61464298368241121     
           1
   3.9425941792301322       0.67379729520270493     
           1
   4.2939269076975606       0.72520653208021146     
           1
   4.5206387497680032       0.75838044913250724     
           1
   4.1613240922859989       0.70580324569168118     
           0
           0
           0
           0
           0
           0
           0
           1
  0.72050575306250353       0.20232084647077142     
           1
   1.4264784533251829       0.30562325708072324     
           1
   2.1011253660556384       0.40434187944343858     
           1
   2.5827761535430431       0.47482008263899750     
           1
   3.0150302631994474       0.53807025011282539     
           1
   3.4917216425939865       0.60782276120867440     
           1
   3.8554861848402102       0.66105110005871570     
           1
   4.2221712605209429       0.71470678991530379     
           1
   4.1354573490523645       0.70201825948800956     
           0
           0
           0
           0
           0
           0
           0
           0
           1
  0.74393747131723487       0.20574952434959920     
           1
   1.4794715852208431       0.31337754880978858     
           1
   2.0534796890116023       0.39737006128112035     
           1
   2.5877871609084750       0.47555332507208414     
           1
   3.1552916968003912       0.55859419417071032     
           1
   3.5430297228149552       0.61533048547141533     
           1
   4.0635266925884883       0.69149290885234060     
           1
   4.1503149125673628       0.70419231257294990     
           0
           0
           0
           0
           0
           0
           0
           0
           0
           1
  0.79527852525958687       0.21326207353673793     
           1
   1.4444031299995164       0.30824610964878096     
           1
   2.0684394857306772       0.39955907377797795     
           1
   2.7826968882732808       0.50407375465898063     
           1
   3.2592747666439692       0.57380965756393765     
           1
   3.7826682199675412       0.65039591281952280     
           1
   4.1986967658579779       0.71127185272066096     
           0
           0
           0
           0
           0
           0
           0
           0
           0
           0
           1
  0.68774968443817053       0.19752777040743416     
           1
   1.3572604999631968       0.29549484639696755     
           1
   2.1409306882141617       0.41016644706843480     
           1
   2.6800798694494534       0.48905818052960720     
           1
   3.2073253448311103       0.56620808812497092     
           1
   3.8005089853368910       0.65300648695233932     
           0
           0
           0
           0
           0
           0
           0
           0
           0
           0
           0
           1
  0.72735962067949722       0.20332374792372204     
           1
   1.5792703109757451       0.32798073239244968     
           1
   2.2161486308896747       0.42117281430701292     
           1
   2.7482396898578658       0.49903175847718301     
           1
   3.3325848938823359       0.58453686112723091     
           0
           0
           0
           0
           0
           0
           0
           0
           0
           0
           0
           0
           1
  0.93886146567730899       0.23427204157388282     
           1
   1.6884207953383841       0.34395232470715115     
           1
   2.2461143858439163       0.42555759394703085     
           1
   2.8225448972147689       0.50990456848525323     
           0
           0
           0
           0
           0
           0
           0
           0
           0
           0
           0
           0
           0
           1
  0.77533406516217185       0.21034367342635071     
           1
   1.3359237140069311       0.29237271232134293     
           1
   1.9118957564098364       0.37665260076748108     
           0
           0
           0
           0
           0
           0
           0
           0
           0
           0
           0
           0
           0
           0
           1
  0.58342507854908754       0.18226233129021968     
           1
   1.1662039963249333       0.26753824498561263     
           0
           0
           0
           0
           0
           0
           0
           0
           0
           0
           0
           0
           0
           0
           0
           1
  0.61665867006908048       0.18712528153739541     
           0
           0
           0
           0
           0
           0
           0
           0
           0
           0
           0
           0
           0
           0
           0
           0
