           1
   1.0000000000000000     
           0
           1
  0.79830095567534409       0.14166786588405000     
           1
   1.4085533587134513       0.24353794593957018     
           1
   2.0743820051369317       0.35468542717313939     
           1
   2.4942241847030271       0.42477012693041583     
           1
   3.2130386544085328       0.54476258777025222     
           1
   3.6330714411722864       0.61487910578893645     
           1
   3.7606944783700493       0.63618335457442277     
           1
   4.2596642023688291       0.71947689914054291     
           1
   3.9787529985697909       0.67258409433217969     
           1
   3.9135943055185951       0.66170708468110284     
           1
   3.3113799289698891       0.56117880090182370     
           1
   2.7131229463741455       0.46131112908702443     
           1
   2.1139158698194125       0.36128485708125391     
           1
   1.5511800865779637       0.26734677670087642     
           1
   1.0866210809182550       0.18979744979701801     
           0
           0
           1
  0.81372217960875648       0.14424214713035055     
           1
   1.6309775082328333       0.28066744482399408     
           1
   2.1144156871734872       0.36136829212160643     
           1
   2.8368465375806817       0.48196443922266557     
           1
   3.5628238615119217       0.60315260290573347     
           1
   3.7516421064974841       0.63467223254891403     
           1
   4.2534009379306186       0.71843136577344280     
           1
   4.1943080069962484       0.70856692021775081     
           1
   4.1431725371879295       0.70003082207685619     
           1
   3.7964916252420711       0.64215901022027910     
           1
   3.1985771000361685       0.54234850518031763     
           1
   2.6024949669069257       0.44284388329069385     
           1
   2.0475829832078887       0.35021183805537437     
           1
   1.5902695283156321       0.27387201861605365     
           0
           0
           0
           1
   1.0396655942590867       0.18195912067090281     
           1
   1.6076261535353622       0.27676937844917365     
           1
   2.3364765361212236       0.39843714485677556     
           1
   3.0623683005491125       0.51961102600131925     
           1
   3.6897485479117913       0.62434027525279201     
           1
   4.2695764368746350       0.72113155894623726     
           1
   4.4605645917685752       0.75301341394892352     
           1
   4.4093032714997094       0.74445630745734126     
           1
   4.2011885490471554       0.70971549639059628     
           1
   3.7526659675378515       0.63484314675691822     
           1
   3.1515509707254941       0.53449838360155755     
           1
   2.6127885650088793       0.44456220452545658     
           1
   2.1846154882476636       0.37308681927480697     
           0
           0
           0
           0
           1
  0.71712501176462695       0.12811707958054935     
           1
   1.4479263206899005       0.25011051618852886     
           1
   2.1753447904867511       0.37153925187749237     
           1
   2.8012971586834077       0.47603014374728475     
           1
   3.4490604469582427       0.58416195560917727     
           1
   4.0062125827517328       0.67716795180652878     
           1
   4.6403756871652035       0.78302947057030392     
           1
   4.5317704912615442       0.76489989017689353     
           1
   4.1105842834813950       0.69459083036616887     
           1
   3.7137496428907704       0.62834680346104888     
           1
   3.1827387818262922       0.53970459794463543     
           1
   2.7765072690927752       0.47189194121896544     
           0
           0
           0
           0
           0
           1
  0.75116954543143377       0.13380016964758490     
           1
   1.4616113757153533       0.25239497691996826     
           1
   2.0661951003989936       0.35331877849316923     
           1
   2.7099717627623927       0.46078509866878969     
           1
   3.2658196193044455       0.55357337014912711     
           1
   3.8956869813990398       0.65871779609730130     
           1
   4.3522423293105525       0.73493106393529350     
           1
   4.2613515394846928       0.71975856811262384     
           1
   4.0325103666423425       0.68155786872759649     
           1
   3.4834437675864587       0.58990159974254452     
           1
   3.1274557074272344       0.53047613577601438     
           0
           0
           0
           0
           0
           0
           1
  0.75642046288115283       0.13467671085955685     
           1
   1.4559175082289759       0.25144449358917742     
           1
   2.1529250170511132       0.36779669534949710     
           1
   2.7171215591372322       0.46197862175113974     
           1
   3.3938901436088327       0.57495231843132777     
           1
   3.8504482850594215       0.65116605259775706     
           1
   4.1540878132001104       0.70185292066369209     
           1
   4.4207615646046579       0.74636905246266960     
           1
   4.1879639537122495       0.70750790068304670     
           1
   3.8306993101881903       0.64786933530319013     
           0
           0
           0
           0
           0
           0
           0
           1
  0.75740025703775793       0.13484026893597634     
           1
   1.5410919884285523       0.26566275979086962     
           1
   2.1663091834846182       0.37003092842956320     
           1
   3.0489334981115004       0.51736834019945088     
           1
   3.5110598100498529       0.59451157496354656     
           1
   3.8982984776911831       0.65915373593960414     
           1
   4.1637466485848522       0.70346528028569144     
           1
   4.3964901806560226       0.74231740463040152     
           1
   4.0706220318591368       0.68791988937242388     
           0
           0
           0
           0
           0
           0
           0
           0
           1
  0.81155108499903428       0.14387972400739446     
           1
   1.4523869291286207       0.25085513028015149     
           1
   2.3496167326575490       0.40063065178347773     
           1
   2.8114302458460889       0.47772167072093180     
           1
   3.3937458742926214       0.57492823540155380     
           1
   3.6702288609941749       0.62108183323919763     
           1
   4.0885851184816522       0.69091848644991161     
           1
   4.1679478296572130       0.70416658789224651     
           0
           0
           0
           0
           0
           0
           0
           0
           0
           1
  0.63469810487386757       0.11435746870169432     
           1
   1.5415126046033061       0.26573297369446341     
           1
   2.0040940207029698       0.34295217947828072     
           1
   2.5808425243402371       0.43922941811745575     
           1
   2.8571031904340831       0.48534590374055953     
           1
   3.2753892605194421       0.55517084049389109     
           1
   4.0166073074043425       0.67890315420351188     
           0
           0
           0
           0
           0
           0
           0
           0
           0
           0
           1
  0.99776731587274492       0.17496499667867238     
           1
   1.5142893552346093       0.26118856784082950     
           1
   2.1586985860325192       0.36876048333527772     
           1
   2.4342759625831669       0.41476290671115368     
           1
   2.8545060079787370       0.48491235332219534     
           1
   3.5959321600631924       0.60867940625321559     
           0
           0
           0
           0
           0
           0
           0
           0
           0
           0
           0
           1
  0.64385668237738480       0.11588631974567738     
           1
   1.4301342897721137       0.24714047362102415     
           1
   1.9773348662604628       0.33848524548227321     
           1
   2.5329524894677777       0.43123508386816573     
           1
   3.2959785345562089       0.55860782981825674     
           0
           0
           0
           0
           0
           0
           0
           0
           0
           0
           0
           0
           1
  0.82915703787703332       0.14681870437061229     
           1
   1.3760582240427550       0.23811349868817272     
           1
   1.9272461659452680       0.33012388568166751     
           1
   2.6891025088706044       0.45730137201065363     
           0
           0
           0
           0
           0
           0
           0
           0
           0
           0
           0
           0
           0
           1
  0.71234459128287442       0.12731907892581901     
           1
   1.2804567448139552       0.22215464249362232     
           1
   2.0498887552259726       0.35059674302076671     
           0
           0
           0
           0
           0
           0
           0
           0
           0
           0
           0
           0
           0
           0
           1
  0.65430182373612134       0.11762993825681869     
           1
   1.4456753161989131       0.24973475362444780     
           0
           0
           0
           0
           0
           0
           0
           0
           0
           0
           0
           0
           0
           0
           0
           1
  0.83500301025592027       0.14779457873222851     
           0
           0
           0
           0
           0
           0
           0
           0
           0
           0
           0
           0
           0
           0
           0
           0
