           1
   1.0000000000000000     
           0
           1
  0.66376235299478781       0.10496262873871939     
           1
   1.3160256475727259       0.16837442108160094     
           1
   1.9859463198335967       0.23350282997527963     
           1
   2.6146339536185050       0.29462264158126994     
           1
   3.2946134030701666       0.36072894559145746     
           1
   3.9602215276918353       0.42543809683620953     
           1
   4.4101873537273573       0.46918291546872309     
           1
   4.4497598754590220       0.47303008048841999     
           1
   4.1656441951049645       0.44540889641485371     
           1
   3.6241550268253042       0.39276635316537062     
           1
   3.2217168747721732       0.35364208426816246     
           1
   2.7993668420043303       0.31258202033920329     
           1
   2.2009172233677901       0.25440189084224529     
           1
   1.4897315665057043       0.18526177891956566     
           1
  0.73852998509766854       0.11223139520203038     
           0
           0
           1
  0.68841389077144199       0.10735920418213354     
           1
   1.3993476914647225       0.17647483112886969     
           1
   2.0285823552687732       0.23764782394905304     
           1
   2.7087631208873124       0.30377369953267636     
           1
   3.4066896061386336       0.37162478010281835     
           1
   3.8766507729273179       0.41731350759269775     
           1
   4.2091756287377118       0.44964093929209992     
           1
   4.3919277659994833       0.46740775320696221     
           1
   4.1939395455950104       0.44815971637430713     
           1
   3.7927089695957488       0.40915284571582061     
           1
   3.3780927656487116       0.36884464986111459     
           1
   2.8089911341381915       0.31351767564789967     
           1
   2.1292995785359250       0.24743936012816747     
           1
   1.4030681681655988       0.17683652877142239     
           0
           0
           0
           1
  0.76896129626092957       0.11518986918063279     
           1
   1.3967781703138618       0.17622502718774122     
           1
   2.0773500907567581       0.24238893009668275     
           1
   2.7884403682134509       0.31151976941564719     
           1
   3.5508961597004713       0.38564426595302698     
           1
   4.0519634484512475       0.43435707123917250     
           1
   4.2347443645575531       0.45212668297836223     
           1
   4.4983557419321158       0.47775447785851610     
           1
   4.2311122851374146       0.45177357915069444     
           1
   3.8320508848231452       0.41297759161139519     
           1
   3.2895752453224896       0.36023914551295833     
           1
   2.6543156554049454       0.29848042087746984     
           1
   2.0652239646287276       0.24121005126301817     
           0
           0
           0
           0
           1
  0.64910005771454560       0.10353718838156678     
           1
   1.3275322570171391       0.16949307168592770     
           1
   2.0391722564397399       0.23867735392501083     
           1
   2.8010661210406669       0.31274722100323044     
           1
   3.5035082584372437       0.38103730465465563     
           1
   3.8350630262391183       0.41327042624974575     
           1
   4.1125074264376149       0.44024304120191243     
           1
   4.2351282263351546       0.45216400128759715     
           1
   4.3771136611903438       0.46596755421721120     
           1
   3.8357263834063331       0.41333491656720844     
           1
   3.2008123589586726       0.35160978714702534     
           1
   2.6346148596796626       0.29656514712543458     
           0
           0
           0
           0
           0
           1
  0.67881600625288829       0.10642611617138584     
           1
   1.3773093634039428       0.17433230694547419     
           1
   2.1361208508917993       0.24810251120494980     
           1
   2.9568888387891459       0.32789600816066772     
           1
   3.5117218782612785       0.38183581709433245     
           1
   3.9795041714406092       0.42731271865133130     
           1
   4.1399034677852029       0.44290643204329705     
           1
   4.3524734814537940       0.46357208298077374     
           1
   4.3356321994149534       0.46193480569058698     
           1
   3.8430611952350664       0.41404799297120676     
           1
   3.2775641185718580       0.35907144669923324     
           0
           0
           0
           0
           0
           0
           1
  0.70433366420029442       0.10890689416439653     
           1
   1.4599653363849019       0.18236796285028628     
           1
   2.2931630239163598       0.26336985147641495     
           1
   2.9407601963857810       0.32632801233542880     
           1
   3.4334101195978484       0.37422249741246288     
           1
   3.7274945510552158       0.40281282443817090     
           1
   4.0847868335753166       0.43754809808182921     
           1
   4.3870289049138602       0.46693149528403377     
           1
   4.4017291461018404       0.46836062466989881     
           1
   3.8388457241240737       0.41363817291703581     
           0
           0
           0
           0
           0
           0
           0
           1
  0.76757445880891784       0.11505504349098977     
           1
   1.6056824287259019       0.19653430039702049     
           1
   2.3325838401175192       0.26720226797403857     
           1
   2.8790860216363656       0.32033216680090559     
           1
   3.1717053717836592       0.34878006141845558     
           1
   3.5317885778348668       0.38378666331999772     
           1
   3.8339606656442902       0.41316325685709820     
           1
   4.1242945734231045       0.44138896513044273     
           1
   4.2681395986792703       0.45537330388892339     
           0
           0
           0
           0
           0
           0
           0
           0
           1
  0.87460757373550579       0.12546059860033923     
           1
   1.6703045529539242       0.20281673995228447     
           1
   2.4629848846907940       0.27987960859478583     
           1
   2.9092573195129492       0.32326536278413681     
           1
   3.3484355049489261       0.36596142759092631     
           1
   3.7786280846472753       0.40778392896122329     
           1
   4.0883317475131005       0.43789272784769945     
           1
   4.2365998667224334       0.45230707135671994     
           0
           0
           0
           0
           0
           0
           0
           0
           0
           1
  0.84677390963065347       0.12275466290990539     
           1
   1.6763344915179803       0.20340295906846464     
           1
   2.3018392757780304       0.26421334011963654     
           1
   2.9138412201911712       0.32371100085751003     
           1
   3.3938808127618585       0.37037953366242726     
           1
   3.7511975144417704       0.40511718129018676     
           1
   3.9030017280652798       0.41987529714782867     
           0
           0
           0
           0
           0
           0
           0
           0
           0
           0
           1
  0.87794483735029116       0.12578504099820734     
           1
   1.4796712592733603       0.18428373505533782     
           1
   2.2387812274960845       0.25808295704206424     
           1
   2.8816499933149680       0.32058143123293498     
           1
   3.4214198501513469       0.37305682630602921     
           1
   3.6223895401950923       0.39259471592545575     
           0
           0
           0
           0
           0
           0
           0
           0
           0
           0
           0
           1
  0.62759345734413430       0.10144635774917266     
           1
   1.3802383990634135       0.17461706220082462     
           1
   2.0855650683178371       0.24318757453296311     
           1
   2.7615936877087046       0.30890978638668609     
           1
   3.0725231704983029       0.33913775714608879     
           0
           0
           0
           0
           0
           0
           0
           0
           0
           0
           0
           0
           1
  0.76475882037626874       0.11478131249755819     
           1
   1.5033766771557784       0.18658833052875598     
           1
   2.2410639777572214       0.25830488166473298     
           1
   2.6540241317804973       0.29845207950721303     
           0
           0
           0
           0
           0
           0
           0
           0
           0
           0
           0
           0
           0
           1
  0.77421224764546692       0.11570035665028922     
           1
   1.5804064073109811       0.19407701384641929     
           1
   2.1972444443114876       0.25404483027364433     
           0
           0
           0
           0
           0
           0
           0
           0
           0
           0
           0
           0
           0
           0
           1
  0.84915397115867897       0.12298604794817600     
           1
   1.5487132483486208       0.19099586543362757     
           0
           0
           0
           0
           0
           0
           0
           0
           0
           0
           0
           0
           0
           0
           0
           1
  0.79402763867136095       0.11762677113869002     
           0
           0
           0
           0
           0
           0
           0
           0
           0
           0
           0
           0
           0
           0
           0
           0
