                 7279        1036
        1100      500000
           0                 1100
                  190                  195                  165                  515                   35                    0                    0
                  128                  128                  135                  457                   26                    0                    0
  0.14632635308917033     
   9.6891867245368954E-002
           0           0
           1
   1.0000000000000000     
           0           0
