          10
 -0.31669869E+001  0.78639178E+000  0.20774935E+001  0.21539562E+001  0.20889795E+001
 -0.13571477E+001  0.19285055E+001  0.20903033E+001  0.22774306E+001  0.20921922E+001
 -0.10846648E+001  0.13350885E+001  0.12139667E+001  0.83166198E+000  0.18264212E+001
  0.24306359E+001  0.30958937E+001  0.20136015E+001  0.38985142E+000  0.20727295E+001
  0.11165120E+001 -0.41010017E+001  0.19260768E+001  0.19152443E+001  0.20498291E+001
 -0.31541800E+001  0.57339087E+001  0.20530951E+001  0.63056279E+000  0.20828189E+001
  0.24069908E+001  0.57300884E+001  0.10802875E+001  0.47902460E+000  0.17739202E+001
 -0.42552464E+001  0.48564398E+001  0.85563060E+000  0.17568308E+001  0.16734812E+001
  0.35838192E+001  0.46178842E+001  0.24425475E+001  0.12148347E+001  0.21752541E+001
  0.33053585E+001  0.48965618E+001  0.14358851E+001  0.67782277E+000  0.19047114E+001
