                 7520        1054
        1100      500000
           0                 1100
                  176                  183                  191                  526                   24                    0                    0
                  132                  132                  155                  471                   16                    0                    0
   9.7218091022450659E-002
   4.0432919887996098E-002
           0           0
           1
   1.0000000000000000     
           0           0
