          30
 -0.18890070E+001  0.46883396E+001  0.21934353E+001  0.82015107E+000  0.21175343E+001
 -0.32133528E+001  0.40108598E+001  0.28842186E+001  0.37041379E+000  0.22675470E+001
 -0.29523698E+001 -0.40027387E+001  0.18821130E+001  0.12352855E+001  0.20380305E+001
 -0.37878897E+001  0.52140661E+001  0.13860499E+001  0.83386554E+000  0.18879651E+001
  0.24645403E+001  0.28566313E+001  0.20469976E+001  0.22841366E+001  0.20812708E+001
  0.53688788E+001  0.46823739E+001  0.97884554E+000  0.23179378E+001  0.17307239E+001
  0.12232749E+001 -0.31675071E+001  0.22104487E+001  0.12480422E+001  0.21216286E+001
 -0.24852631E+001 -0.26307459E+001  0.22880961E+001  0.12224080E+001  0.21400199E+001
 -0.68600510E+000  0.16801024E+001  0.18051291E+001  0.15525109E+001  0.20168626E+001
  0.37567805E+001  0.13184231E+001  0.20843410E+001  0.11405191E+001  0.20906987E+001
  0.31403645E+001  0.93570873E+000  0.74853456E+000  0.84208166E+000  0.16184609E+001
 -0.99214236E+000 -0.40674823E+001  0.18818796E+001  0.39918099E+000  0.20379673E+001
  0.46081236E+001  0.90941557E+000  0.28404070E+001  0.16478253E+001  0.22588864E+001
 -0.48897028E+001  0.35412721E+001  0.63978259E+000  0.16465489E+001  0.15561711E+001
  0.36659311E+000  0.37371951E+001  0.22260650E+001  0.20006684E+001  0.21253659E+001
 -0.55395187E+001  0.21801830E+001  0.24326848E+001  0.63641321E+000  0.21730550E+001
 -0.31179470E+001 -0.34963619E+001  0.60803922E+000  0.59626351E+000  0.15364985E+001
 -0.57079313E+000  0.52262599E+001  0.24806355E+001  0.35268708E+000  0.21836850E+001
  0.12461046E+001  0.18687061E+001  0.17144378E+001  0.58059362E+000  0.19910386E+001
 -0.14985991E-002 -0.49248372E+001  0.19015668E+001  0.14113076E+001  0.20432765E+001
  0.43979741E+001  0.59885007E+001  0.18361611E+001  0.33096748E+000  0.20254753E+001
 -0.51190242E+001 -0.12807349E+001  0.17415400E+001  0.90333074E+000  0.19988611E+001
 -0.49460086E+001 -0.11463637E+001  0.16785084E+001  0.65963947E+000  0.19805241E+001
  0.58216479E+001 -0.29870332E+001  0.16511137E+001  0.13516314E+001  0.19723932E+001
 -0.15706054E+001 -0.38728278E+001  0.24245448E+001  0.50969104E+000  0.21712349E+001
 -0.92824407E+000  0.17536195E+001  0.15179845E+001  0.67354356E+000  0.19313727E+001
 -0.53472446E+001 -0.14710920E+001  0.20269134E+001  0.18580234E+001  0.20761468E+001
 -0.12963386E+001  0.54476439E+001  0.25311292E+001  0.50365019E+000  0.21947135E+001
 -0.35332907E+001 -0.57340406E+001  0.81576687E+000  0.14509237E+001  0.16536392E+001
  0.55705643E+001  0.11043061E+001  0.15091912E+001  0.21305864E+000  0.19285696E+001
