         174
  0.29614648E+001  0.34849609E+001  0.11615977E+002  0.10158547E+002  0.58719922E+001  0.41948122E+001
  0.24763920E+001 -0.16136128E+001  0.34242924E+001  0.54346754E+001  0.31414308E+001  0.25633951E+001
 -0.21355460E+001 -0.46351863E+001  0.11003222E+002  0.98051913E+001  0.56677406E+001  0.40171825E+001
  0.18248447E+001  0.20014714E+001  0.52226193E+001  0.64717106E+001  0.37408731E+001  0.27838998E+001
 -0.26118191E+001  0.31073031E+001  0.18032940E+001  0.44998996E+001  0.26010980E+001  0.24309891E+001
  0.10450009E+001  0.49835280E+001  0.69909573E+001  0.74914521E+001  0.43303191E+001  0.30762330E+001
  0.41071999E+001 -0.29263324E+000  0.60976686E+001  0.69763223E+001  0.40325562E+001  0.29192009E+001
 -0.25333143E+001 -0.14783793E+000  0.10658683E+002  0.96065072E+001  0.55528943E+001  0.39212536E+001
 -0.49489050E+000 -0.28655392E+001  0.76337634E+001  0.78621370E+001  0.45445878E+001  0.32010534E+001
 -0.48883128E+001  0.32211465E+001  0.47450816E+001  0.61963305E+001  0.35816939E+001  0.27177949E+001
 -0.48893736E+001 -0.37690906E+001  0.67442978E+001  0.73492118E+001  0.42480993E+001  0.30309630E+001
  0.49303710E+001  0.44593590E+001  0.68633295E+000  0.38557854E+001  0.22287776E+001  0.23763652E+001
  0.15732024E+001 -0.27791345E+000  0.88386764E+001  0.85569702E+001  0.49462255E+001  0.34616769E+001
 -0.23054277E+001 -0.38730109E+001  0.11084814E+002  0.98522428E+001  0.56949380E+001  0.40403161E+001
 -0.44711461E+001  0.34336809E+001  0.65744119E+000  0.38391245E+001  0.22191471E+001  0.23753486E+001
  0.45593805E+001 -0.21163979E+001  0.37877596E+001  0.56442748E+001  0.32625865E+001  0.26017187E+001
  0.15071823E+001 -0.32767992E+001  0.48678883E+001  0.62671490E+001  0.36226294E+001  0.27342733E+001
 -0.69052102E+000  0.21662528E+001  0.55435538E+001  0.66567828E+001  0.38478513E+001  0.28313940E+001
 -0.35400973E+001 -0.21563968E+001  0.78398660E+000  0.39120990E+001  0.22613289E+001  0.23799492E+001
  0.42174947E+001  0.21082068E+001  0.97786560E+001  0.90990251E+001  0.52595520E+001  0.36891317E+001
  0.23953635E+001  0.85142193E+000  0.43120523E+001  0.59466169E+001  0.34373508E+001  0.26625717E+001
  0.19397520E+001  0.38384466E+001  0.11360259E+002  0.10011083E+002  0.57867531E+001  0.41195901E+001
  0.87022566E+000 -0.17675840E+001  0.93594495E+001  0.88572826E+001  0.51198165E+001  0.35850792E+001
 -0.16183505E+001  0.80657511E+000  0.28396067E+001  0.50975066E+001  0.29465356E+001  0.25083831E+001
  0.14611313E+001  0.96583675E-001  0.75065738E-001  0.35032879E+001  0.20250219E+001  0.23591187E+001
  0.39161166E+001 -0.28036913E+001  0.71898857E+000  0.38746168E+001  0.22396629E+001  0.23775383E+001
 -0.87589600E+000  0.37640575E+001  0.21087724E+001  0.46760588E+001  0.27029241E+001  0.24511301E+001
 -0.20445684E+001 -0.35447336E+001  0.11384155E+002  0.10024863E+002  0.57947185E+001  0.41265531E+001
  0.36385915E+001 -0.20993148E+001  0.10115317E+002  0.92931662E+001  0.53717723E+001  0.37757417E+001
 -0.20089572E+001 -0.93765659E+000  0.84064217E+001  0.83077033E+001  0.48021406E+001  0.33641816E+001
 -0.27706587E+001  0.26191539E+000  0.74672130E+001  0.77660929E+001  0.44890710E+001  0.31677630E+001
  0.25693177E+001  0.35273551E+001  0.10807240E+002  0.96921751E+001  0.56024133E+001  0.39622673E+001
  0.19772406E+001 -0.27529054E+001  0.99191796E+001  0.91800603E+001  0.53063932E+001  0.37249531E+001
 -0.36101309E+001  0.21536440E+000  0.10327248E+002  0.94153796E+001  0.54424159E+001  0.38316553E+001
 -0.25720727E+001  0.26456372E+001  0.11460317E+002  0.10068783E+002  0.58201055E+001  0.41488366E+001
 -0.75318429E+000 -0.24884432E+001  0.98137495E+001  0.91192623E+001  0.52712498E+001  0.36980332E+001
 -0.46778487E+001  0.35359400E+001  0.24619797E+001  0.48797417E+001  0.28206599E+001  0.24772033E+001
 -0.32991773E+001 -0.30527691E+001  0.94891180E+000  0.40072059E+001  0.23163039E+001  0.23865206E+001
  0.27798326E+001  0.51801349E+000  0.47181414E+001  0.61807949E+001  0.35727138E+001  0.27142283E+001
 -0.17135589E+001 -0.45296685E+001  0.11523771E+002  0.10105375E+002  0.58412571E+001  0.41675085E+001
  0.25950059E+001  0.21515721E+001  0.18549440E+001  0.45296844E+001  0.26183147E+001  0.24342375E+001
 -0.24319849E+000  0.21307391E+001  0.72278873E+001  0.76280818E+001  0.44092958E+001  0.31210889E+001
  0.22985489E+001 -0.69959212E+000  0.94678193E+001  0.89197759E+001  0.51559398E+001  0.36115747E+001
 -0.11962530E+001 -0.23069267E+001  0.83577870E+001  0.82796573E+001  0.47859290E+001  0.33534920E+001
 -0.98666664E+000  0.17552893E+001  0.94583455E+000  0.40054313E+001  0.23152782E+001  0.23863920E+001
 -0.73825706E+000  0.44677845E+001  0.91411692E+001  0.87314077E+001  0.50470564E+001  0.35325651E+001
  0.20692630E+001  0.81138271E+000  0.72502022E+001  0.76409500E+001  0.44167341E+001  0.31253829E+001
 -0.24628150E+001  0.26527200E+001  0.10342475E+002  0.94241608E+001  0.54474917E+001  0.38357142E+001
  0.73828267E+000 -0.30206041E+000  0.54895098E+001  0.66256174E+001  0.38298366E+001  0.28232235E+001
  0.48755102E+001 -0.11734183E+001  0.26181820E+001  0.49698184E+001  0.28727273E+001  0.24896865E+001
 -0.14298375E+001  0.38257774E+001  0.12527434E+001  0.41824154E+001  0.24175811E+001  0.24003317E+001
  0.45393528E+001  0.24896627E+001  0.39630513E+001  0.57453596E+001  0.33210171E+001  0.26213319E+001
  0.17958103E+001  0.10147423E+000  0.87643843E+001  0.85141284E+001  0.49214614E+001  0.34446019E+001
 -0.31425293E+001 -0.10199960E+001  0.10411321E+002  0.94638617E+001  0.54704403E+001  0.38541341E+001
 -0.42284762E+001 -0.56747640E+000  0.11352896E+002  0.10006837E+002  0.57842988E+001  0.41174474E+001
 -0.37122673E+001  0.16935858E+001  0.64748376E+001  0.71938231E+001  0.41582792E+001  0.29831734E+001
 -0.11645558E+001  0.19575624E+001  0.95329971E+001  0.89573618E+001  0.51776657E+001  0.36276456E+001
  0.47925245E+001 -0.15184124E+001  0.23127179E+001  0.47936674E+001  0.27709060E+001  0.24658206E+001
  0.41118860E+001 -0.37532134E+001  0.25017205E+001  0.49026589E+001  0.28339068E+001  0.24803239E+001
  0.70185633E+000 -0.34906585E+001  0.25090387E+001  0.49068791E+001  0.28363462E+001  0.24809027E+001
  0.12047359E-001  0.42088725E+001  0.64331281E+001  0.71697706E+001  0.41443760E+001  0.29759314E+001
 -0.29736363E+001  0.36531729E+001  0.17280997E+001  0.44565376E+001  0.25760332E+001  0.24263740E+001
  0.48371974E+001  0.34895876E+001  0.46751095E+001  0.61559799E+001  0.35583698E+001  0.27085674E+001
  0.30377076E+001 -0.20781612E+001  0.11678574E+002  0.10194645E+002  0.58928581E+001  0.42134647E+001
  0.46636907E+001 -0.46659935E+001  0.11376314E+002  0.10020341E+002  0.57921048E+001  0.41242668E+001
 -0.30817284E+001  0.27914902E+001  0.32637475E+001  0.53420944E+001  0.30879158E+001  0.25474745E+001
  0.28355743E+000  0.21463088E+001  0.10438834E+002  0.94797275E+001  0.54796112E+001  0.38615271E+001
  0.79842127E+000  0.26126288E+001  0.38060887E+001  0.56548446E+001  0.32686962E+001  0.26037351E+001
  0.40845050E+001 -0.41179245E+001  0.75339457E+001  0.78045754E+001  0.45113152E+001  0.31810219E+001
 -0.17277964E+000 -0.15169757E+001  0.19737618E+000  0.35738203E+001  0.20657921E+001  0.23618536E+001
  0.23856638E+000 -0.87310024E+000  0.88606104E+001  0.85696187E+001  0.49535368E+001  0.34667434E+001
  0.39856693E+001  0.17737080E+001  0.10666657E+002  0.96111055E+001  0.55555523E+001  0.39234416E+001
 -0.49734736E+001 -0.32374112E+001  0.30145658E+001  0.51983997E+001  0.30048553E+001  0.25239865E+001
  0.45252855E+001 -0.19519163E+001  0.80380938E+001  0.80953008E+001  0.46793646E+001  0.32846351E+001
  0.45156263E+001 -0.20672365E+001  0.32548954E+001  0.53369897E+001  0.30849651E+001  0.25466147E+001
 -0.40685730E+000  0.23172139E+001  0.96227118E+001  0.90090973E+001  0.52075706E+001  0.36499328E+001
  0.72287063E+000  0.14711797E+001  0.32471693E+001  0.53325343E+001  0.30823898E+001  0.25458657E+001
 -0.95287308E+000  0.14799194E+001  0.61971908E+001  0.70337134E+001  0.40657303E+001  0.29357503E+001
  0.43510243E+001  0.15141746E+001  0.44522394E+001  0.60274581E+001  0.34840798E+001  0.26799580E+001
 -0.28599388E+001 -0.32197642E+001  0.10847117E+001  0.40855171E+001  0.23615706E+001  0.23924204E+001
 -0.29257933E+001 -0.19555086E+001  0.10371939E+002  0.94411517E+001  0.54573131E+001  0.38435835E+001
  0.20691878E+001  0.44678347E+001  0.15580675E+001  0.43584856E+001  0.25193558E+001  0.24164373E+001
 -0.10105001E+001 -0.39638268E+001  0.10769773E+002  0.96705689E+001  0.55899242E+001  0.39518735E+001
 -0.41859758E+001  0.22046448E+001  0.50488388E+001  0.63714971E+001  0.36829463E+001  0.27592116E+001
 -0.17101230E+001  0.13516043E+000  0.10651811E+002  0.96025443E+001  0.55506036E+001  0.39193691E+001
 -0.13989168E+001 -0.90508592E+000  0.99413178E+001  0.91928267E+001  0.53137726E+001  0.37306395E+001
  0.12007431E+001 -0.27253774E+001  0.52333962E+000  0.37617926E+001  0.21744465E+001  0.23708917E+001
  0.42044224E+001  0.46480354E+001  0.96643991E+001  0.90331369E+001  0.52214664E+001  0.36603545E+001
  0.10906109E+001 -0.15358671E+001  0.69594798E+001  0.74733001E+001  0.43198266E+001  0.30703748E+001
  0.13274835E+000  0.37501662E+001  0.11930078E+002  0.10339679E+002  0.59766927E+001  0.42893515E+001
 -0.19637120E+001 -0.22851634E+001  0.84089376E+001  0.83091541E+001  0.48029792E+001  0.33647361E+001
 -0.33709118E+001 -0.44333512E+000  0.45373685E+001  0.60765492E+001  0.35124562E+001  0.26907455E+001
  0.98118207E+000 -0.16293573E+001  0.96713147E+001  0.90371249E+001  0.52237716E+001  0.36620874E+001
 -0.20563048E+001 -0.52729494E+000  0.55483743E+001  0.66595626E+001  0.38494581E+001  0.28321262E+001
  0.51351941E+000 -0.75019288E+000  0.31725886E+001  0.52895262E+001  0.30575295E+001  0.25387094E+001
  0.22862832E+001  0.18600480E+001  0.12060713E+001  0.41555012E+001  0.24020238E+001  0.23980665E+001
 -0.43950521E+001  0.25049680E+001  0.88327708E+001  0.85535646E+001  0.49442569E+001  0.34603147E+001
 -0.39077997E+001 -0.36971141E+001  0.44427751E+000  0.37162001E+001  0.21480925E+001  0.23684658E+001
  0.55016464E-001 -0.84528276E+000  0.32054874E+001  0.53084978E+001  0.30684958E+001  0.25418497E+001
 -0.42037067E+000  0.48402648E+001  0.57111413E+001  0.67534249E+001  0.39037138E+001  0.28571750E+001
 -0.64206173E+000  0.39773338E+001  0.94917884E+001  0.89335981E+001  0.51639295E+001  0.36174729E+001
  0.30189211E+001 -0.37992954E+001  0.89066655E+001  0.85961772E+001  0.49688885E+001  0.34774190E+001
  0.43790032E+001 -0.30184494E+001  0.10266035E+002  0.93800801E+001  0.54220116E+001  0.38153950E+001
 -0.42035651E+001 -0.46757392E+001  0.62442621E+000  0.38200858E+001  0.22081421E+001  0.23742114E+001
  0.17456674E+000  0.21806994E+001  0.36434199E+001  0.55610388E+001  0.32144733E+001  0.25861210E+001
 -0.89024287E+000  0.81413366E+000  0.14741486E+001  0.43100924E+001  0.24913829E+001  0.24117882E+001
 -0.18159265E+001 -0.43270117E+001  0.49214723E+001  0.62980491E+001  0.36404908E+001  0.27415765E+001
 -0.17840659E+001  0.41083068E-001  0.86099997E+000  0.39565100E+001  0.22870000E+001  0.23829367E+001
 -0.31631287E+001  0.28486774E+001  0.69694001E+001  0.74790208E+001  0.43231334E+001  0.30722185E+001
  0.11488456E+001 -0.46199620E+001  0.40913259E+001  0.58193313E+001  0.33637753E+001  0.26361505E+001
 -0.38915795E-001  0.20242424E+001  0.85256285E+001  0.83764459E+001  0.48418762E+001  0.33906220E+001
 -0.48333672E+001  0.34137358E+001  0.19754998E+001  0.45992050E+001  0.26584999E+001  0.24420683E+001
 -0.23689728E+001 -0.37440458E+001  0.46174410E+001  0.61227244E+001  0.35391470E+001  0.27010506E+001
 -0.33588478E+001  0.95504834E+000  0.14037947E+001  0.42695217E+001  0.24679316E+001  0.24080206E+001
 -0.16061943E+001 -0.26389760E+001  0.96722480E+001  0.90376631E+001  0.52240827E+001  0.36623214E+001
 -0.23104501E+001  0.61949856E+000  0.88984564E+001  0.85914433E+001  0.49661521E+001  0.34755124E+001
 -0.41353116E+000 -0.30910821E+001  0.22489368E+001  0.47568870E+001  0.27496456E+001  0.24611194E+001
  0.43630945E+001  0.39915978E+001  0.10635149E+002  0.95929363E+001  0.55450498E+001  0.39148050E+001
  0.42977266E+001  0.35358115E+001  0.60201662E+001  0.69316293E+001  0.40067221E+001  0.29064774E+001
  0.23915238E+001 -0.46769025E+001  0.20196879E+001  0.46246867E+001  0.26732293E+001  0.24450258E+001
  0.21312772E+001  0.32338284E+001  0.95999782E+001  0.89959875E+001  0.51999927E+001  0.36442670E+001
 -0.10001960E+001  0.15987328E+001  0.10991227E+002  0.97982741E+001  0.56637422E+001  0.40137950E+001
 -0.56321306E+000 -0.46558833E+001  0.20849764E+001  0.46623364E+001  0.26949921E+001  0.24494809E+001
 -0.33248659E+001 -0.13586128E+001  0.35198406E+001  0.54897748E+001  0.31732802E+001  0.25731631E+001
 -0.47537961E+001  0.26009584E+001  0.69143543E-001  0.34998728E+001  0.20230478E+001  0.23589953E+001
  0.32394199E+001  0.30912241E+001  0.50813168E+001  0.63902261E+001  0.36937723E+001  0.27637707E+001
  0.34989903E+001 -0.15976974E+001  0.24310913E+001  0.48619293E+001  0.28103638E+001  0.24748040E+001
  0.25007940E+000 -0.33147770E+001  0.10058674E+002  0.92605022E+001  0.53528914E+001  0.37609798E+001
 -0.81375139E+000  0.32322762E+001  0.32999917E+001  0.53629953E+001  0.30999972E+001  0.25510148E+001
 -0.32211564E+001 -0.28171782E+001  0.28868762E+001  0.51247653E+001  0.29622921E+001  0.25125265E+001
  0.16568125E+001  0.28366438E+001  0.10746942E+002  0.96574030E+001  0.55823138E+001  0.39455564E+001
  0.23250833E+000  0.58165828E+000  0.47208442E+001  0.61823536E+001  0.35736147E+001  0.27145854E+001
 -0.36317998E+001 -0.33668408E+001  0.38038919E+001  0.56535777E+001  0.32679640E+001  0.26034930E+001
  0.45539434E+001  0.36427084E+000  0.87967099E+001  0.85327695E+001  0.49322366E+001  0.34520152E+001
  0.38905537E+001  0.33357812E+001  0.99642647E+001  0.92060594E+001  0.53214216E+001  0.37365461E+001
  0.16155846E+001 -0.35792190E+001  0.96773949E+001  0.90406311E+001  0.52257983E+001  0.36636119E+001
 -0.41469295E+001 -0.31878385E+001  0.47614903E+001  0.62057928E+001  0.35871634E+001  0.27199758E+001
 -0.43435962E+001  0.49663380E+001  0.51534595E+001  0.64318284E+001  0.37178198E+001  0.27739879E+001
 -0.21525153E+001 -0.13528327E+001  0.18792697E+001  0.45437122E+001  0.26264232E+001  0.24357896E+001
  0.20180952E+001  0.48322522E+001  0.19782906E+001  0.46008143E+001  0.26594302E+001  0.24422537E+001
  0.36612016E+001  0.24226762E+001  0.79425807E+000  0.39180222E+001  0.22647527E+001  0.23803394E+001
  0.46278215E+001  0.19444399E+001  0.30721551E+001  0.52316095E+001  0.30240517E+001  0.25292828E+001
 -0.65439226E-001 -0.31877816E+001  0.92678185E+001  0.88044421E+001  0.50892728E+001  0.35628956E+001
  0.95473012E+000 -0.43068764E+001  0.70444828E+001  0.75223185E+001  0.43481609E+001  0.30862490E+001
  0.95808130E+000 -0.14950826E+001  0.27546347E+001  0.50485061E+001  0.29182116E+001  0.25010695E+001
  0.73005462E+000  0.70451305E+000  0.38211628E+001  0.56635373E+001  0.32737209E+001  0.26053994E+001
 -0.42963708E+001 -0.18244304E+001  0.68207753E+001  0.73933138E+001  0.42735918E+001  0.30448433E+001
 -0.43940448E+001  0.44542553E+001  0.11577057E+002  0.10136103E+002  0.58590190E+001  0.41832626E+001
  0.36658999E+001 -0.10792324E+001  0.34212533E+001  0.54329228E+001  0.31404178E+001  0.25630880E+001
  0.35622430E+001  0.43969804E+001  0.10598516E+002  0.95718110E+001  0.55328387E+001  0.39047930E+001
 -0.41837741E+001  0.15299836E+001  0.11956051E+002  0.10354656E+002  0.59853504E+001  0.42972747E+001
  0.16978174E+001 -0.35213785E+001  0.85201664E+001  0.83732961E+001  0.48400555E+001  0.33894030E+001
  0.38502232E+001 -0.41905161E+001  0.90763031E+001  0.86940015E+001  0.50254344E+001  0.35171794E+001
 -0.21839134E+000  0.16116376E+000  0.21951584E+001  0.47258747E+001  0.27317195E+001  0.24572311E+001
  0.32209949E+001 -0.15960910E+001  0.98384954E+000  0.40273533E+001  0.23279498E+001  0.23879963E+001
  0.28675082E+001 -0.42550117E+001  0.94143717E+001  0.88889544E+001  0.51381239E+001  0.35984721E+001
 -0.23834978E+001 -0.38583630E+001  0.93037567E+001  0.88251665E+001  0.51012522E+001  0.35715722E+001
 -0.15568395E+001 -0.14397747E+000  0.11807939E+002  0.10269245E+002  0.59359798E+001  0.42523091E+001
 -0.33797481E+001 -0.29680778E+000  0.64103389E+001  0.71566289E+001  0.41367796E+001  0.29719922E+001
  0.28682579E+001  0.22888614E+001  0.33882244E+001  0.54138761E+001  0.31294081E+001  0.25597646E+001
  0.86829490E+000  0.20724281E+001  0.50611692E+001  0.63786076E+001  0.36870564E+001  0.27609395E+001
  0.11479500E+001  0.39311060E+001  0.41149144E+001  0.58329340E+001  0.33716381E+001  0.26389184E+001
 -0.20039863E+001 -0.44627701E+001  0.61702823E+001  0.70181962E+001  0.40567608E+001  0.29312523E+001
 -0.44677240E+001 -0.32017131E+001  0.11139447E+002  0.98837480E+001  0.57131490E+001  0.40558953E+001
  0.33900848E+001 -0.45192415E+001  0.20909852E+001  0.46658015E+001  0.26969951E+001  0.24498961E+001
  0.42043706E+001 -0.15391330E+001  0.17224386E+001  0.44532730E+001  0.25741462E+001  0.24260320E+001
  0.85629512E+000 -0.27976918E+001  0.48179920E+001  0.62383755E+001  0.36059973E+001  0.27275346E+001
  0.25236740E+001  0.33798317E+001  0.41296842E+001  0.58414513E+001  0.33765614E+001  0.26406583E+001
  0.16574041E+001  0.55922445E+000  0.11388008E+001  0.41167085E+001  0.23796003E+001  0.23948933E+001
  0.64138232E+000  0.27111581E+001  0.44178869E+001  0.60076482E+001  0.34726290E+001  0.26756540E+001
  0.28133985E+001  0.48221786E+001  0.14359909E+001  0.42880882E+001  0.24786636E+001  0.24097301E+001
 -0.37061804E+001 -0.32332001E+001  0.64491932E+001  0.71790348E+001  0.41497311E+001  0.29787158E+001
  0.34204606E+001 -0.35205867E+000  0.45038366E+001  0.60572125E+001  0.35012789E+001  0.26864756E+001
  0.42873146E+001 -0.33857489E+001  0.15494517E+001  0.43535172E+001  0.25164839E+001  0.24159522E+001
