         240
  0.22945194E+001 -0.24698623E+001  0.22927509E+001  0.47821530E+001  0.27642503E+001  0.24643384E+001
 -0.12002554E+001  0.48224343E+001  0.55770273E+001  0.66760858E+001  0.38590091E+001  0.28364897E+001
 -0.40888358E+001  0.16435202E+000  0.10359638E+002  0.94340578E+001  0.54532125E+001  0.38402954E+001
 -0.97973341E-001  0.27334724E+001  0.38509291E+001  0.56807025E+001  0.32836430E+001  0.26087019E+001
 -0.21126426E+001  0.21732360E+001  0.11465249E+002  0.10071627E+002  0.58217495E+001  0.41502844E+001
  0.19263524E+001 -0.48595197E+001  0.61243031E+001  0.69916815E+001  0.40414344E+001  0.29236066E+001
 -0.42079336E+000  0.31386471E+001  0.32797544E+001  0.53513251E+001  0.30932515E+001  0.25490342E+001
  0.26568760E+001  0.79137632E+000  0.19416887E+001  0.45797072E+001  0.26472296E+001  0.24398370E+001
  0.33874009E+001  0.30701397E+001  0.94080092E+001  0.88852854E+001  0.51360031E+001  0.35969169E+001
 -0.22733513E+001  0.13582125E+001  0.71002448E+001  0.75544746E+001  0.43667483E+001  0.30967565E+001
 -0.61117113E+000 -0.38411714E+001  0.97872391E+001  0.91039746E+001  0.52624130E+001  0.36913061E+001
  0.32989337E+001  0.15759993E+000  0.53428719E+001  0.65410562E+001  0.37809573E+001  0.28014067E+001
 -0.35529339E+001  0.10422304E+001  0.35160941E+001  0.54876143E+001  0.31720314E+001  0.25727760E+001
  0.36818909E+001  0.13131856E+001  0.11614651E+002  0.10157782E+002  0.58715504E+001  0.41944184E+001
  0.11974454E+000 -0.10978513E+001  0.10274401E+002  0.93849049E+001  0.54248005E+001  0.38176122E+001
 -0.42523447E+001 -0.30449914E+000  0.26685244E+000  0.36138849E+001  0.20889508E+001  0.23635667E+001
  0.46496028E+001 -0.38717220E+001  0.40090607E+000  0.36911892E+001  0.21336354E+001  0.23671986E+001
 -0.18524743E+001  0.11496865E+001  0.11300621E+002  0.99766914E+001  0.57668736E+001  0.41022719E+001
 -0.39969088E+001 -0.46832339E+001  0.70544869E+001  0.75280875E+001  0.43514956E+001  0.30881286E+001
 -0.39862904E+001 -0.28937345E+001  0.10224372E+002  0.93560547E+001  0.54081240E+001  0.38043794E+001
 -0.43328210E+001  0.45797653E+000  0.10624096E+002  0.95865623E+001  0.55413654E+001  0.39117808E+001
  0.36700332E+001  0.28621049E+001  0.50926367E+001  0.63967539E+001  0.36975456E+001  0.27653656E+001
  0.28536104E+000  0.22889094E+001  0.17365307E+000  0.35601400E+001  0.20578844E+001  0.23612951E+001
  0.46031697E+001 -0.49359408E+001  0.63798658E+001  0.71390560E+001  0.41266219E+001  0.29667441E+001
  0.17228541E+001  0.13335243E+001  0.99972755E+001  0.92250957E+001  0.53324252E+001  0.37450652E+001
  0.37772240E+001 -0.29313519E+001  0.10273587E+002  0.93844353E+001  0.54245290E+001  0.38173963E+001
 -0.22936033E+000 -0.41406885E+001  0.12477467E+001  0.41795340E+001  0.24159156E+001  0.24000867E+001
  0.22696386E+001  0.10919497E+001  0.10106016E+002  0.92878027E+001  0.53686720E+001  0.37733125E+001
 -0.37788098E+001 -0.26069591E+001  0.70158070E+000  0.38645782E+001  0.22338602E+001  0.23769097E+001
 -0.20292543E+001 -0.15756114E+001  0.58020447E+001  0.68058459E+001  0.39340149E+001  0.28714405E+001
 -0.14806246E+001 -0.47048745E+001  0.71981728E+001  0.76109464E+001  0.43993909E+001  0.31153896E+001
  0.70043859E+000 -0.67989108E+000  0.81343445E+001  0.81508054E+001  0.47114482E+001  0.33051085E+001
  0.46399910E+001 -0.93150250E+000  0.79088713E+001  0.80207825E+001  0.46362904E+001  0.32574971E+001
  0.32222938E+001  0.22534490E+000  0.94887116E+000  0.40071824E+001  0.23162904E+001  0.23865189E+001
 -0.36514795E+001  0.79269786E+000  0.11615109E+002  0.10158046E+002  0.58717029E+001  0.41945543E+001
  0.15825880E+000  0.37109652E+001  0.11273096E+002  0.99608186E+001  0.57576986E+001  0.40943077E+001
 -0.15557905E+001 -0.14556144E+001  0.53381008E+000  0.37678305E+001  0.21779367E+001  0.23712242E+001
  0.13625904E+001  0.28810839E+001  0.87391688E+001  0.84995874E+001  0.49130563E+001  0.34388365E+001
  0.40240369E+001  0.49860380E+001  0.10489759E+002  0.95090943E+001  0.54965862E+001  0.38752589E+001
 -0.30604894E+001  0.15352099E+001  0.48043344E+001  0.62304996E+001  0.36014448E+001  0.27257005E+001
  0.45446994E+001 -0.13807236E+001  0.49111053E+001  0.62920708E+001  0.36370351E+001  0.27401582E+001
  0.35448694E+001 -0.49038509E+001  0.26198344E+001  0.49707712E+001  0.28732781E+001  0.24898217E+001
  0.12046121E+001 -0.41084992E+001  0.22080032E+001  0.47332819E+001  0.27360011E+001  0.24581535E+001
  0.21355198E+001 -0.38264613E+001  0.23688661E+001  0.48260462E+001  0.27896220E+001  0.24700399E+001
  0.38874269E+001  0.50653582E+000  0.59063692E+001  0.68660063E+001  0.39687897E+001  0.28880561E+001
 -0.48043765E+001  0.44482547E+000  0.63974013E+000  0.38289168E+001  0.22132467E+001  0.23747356E+001
 -0.33275422E+000  0.15437975E+001  0.45882850E+001  0.61059111E+001  0.35294283E+001  0.26972805E+001
  0.41590877E+001 -0.12107785E+001  0.55343667E+001  0.66514849E+001  0.38447889E+001  0.28300002E+001
 -0.34037615E+001  0.21640817E+001  0.10206925E+002  0.93459937E+001  0.54023085E+001  0.37997788E+001
  0.54171129E+000 -0.14185578E+001  0.97224908E+001  0.90666365E+001  0.52408303E+001  0.36749467E+001
  0.65625402E+000  0.48420603E+001  0.14864706E+001  0.43171981E+001  0.24954902E+001  0.24124603E+001
 -0.49204337E+001 -0.44863908E+000  0.24834093E+001  0.48920994E+001  0.28278031E+001  0.24788813E+001
  0.18397157E+001 -0.35416546E+001  0.79938066E+001  0.80697619E+001  0.46646022E+001  0.32752893E+001
 -0.37278468E+001  0.39160817E+001  0.94199257E+001  0.88921572E+001  0.51399752E+001  0.35998305E+001
 -0.17577808E+001  0.15187786E+001  0.80931408E+001  0.81270446E+001  0.46977136E+001  0.32963170E+001
  0.27235118E+001 -0.20472556E+000  0.89858856E+001  0.86418608E+001  0.49952952E+001  0.34959012E+001
  0.19170636E+001  0.34102864E+001  0.64343776E+001  0.71704912E+001  0.41447925E+001  0.29761478E+001
  0.34937932E+001 -0.41422774E+001  0.48889674E+001  0.62793046E+001  0.36296558E+001  0.27371381E+001
 -0.21706377E+000 -0.14254646E+001  0.11516346E+002  0.10101093E+002  0.58387819E+001  0.41653185E+001
 -0.92014274E+000  0.23877003E+001  0.26119893E+001  0.49662472E+001  0.28706631E+001  0.24891805E+001
  0.23705240E+001  0.22222657E+001  0.10441612E+002  0.94813298E+001  0.54805374E+001  0.38622747E+001
 -0.42437050E+001  0.33123037E+001  0.70577327E+001  0.75299592E+001  0.43525776E+001  0.30887390E+001
 -0.25375789E+001  0.59074483E+000  0.74140685E+001  0.77354463E+001  0.44713562E+001  0.31572801E+001
 -0.24978528E+001  0.24022428E+001  0.95418968E+001  0.89624939E+001  0.51806323E+001  0.36298479E+001
  0.43698671E+001  0.17038943E+001  0.20870185E+001  0.46635140E+001  0.26956728E+001  0.24496219E+001
  0.25280604E+000  0.16842970E+001  0.68376781E+001  0.74030611E+001  0.42792260E+001  0.30479300E+001
 -0.20454032E+001  0.29962351E+001  0.12500883E+001  0.41808843E+001  0.24166961E+001  0.24002015E+001
  0.46178258E+001 -0.17403669E+001  0.75632945E+001  0.78214999E+001  0.45210982E+001  0.31868869E+001
  0.24370773E+001 -0.35287328E+001  0.25033334E+000  0.36043589E+001  0.20834444E+001  0.23631489E+001
 -0.14442479E+001  0.40629753E+001  0.94061043E+001  0.88841869E+001  0.51353681E+001  0.35964514E+001
 -0.25622456E+001 -0.11458007E+001  0.10063160E+002  0.92630889E+001  0.53543866E+001  0.37621460E+001
 -0.77556182E+000  0.10299234E+001  0.76517083E+001  0.78724852E+001  0.45505694E+001  0.32046799E+001
  0.28832557E+001 -0.31832595E+001  0.96755256E+001  0.90395532E+001  0.52251752E+001  0.36631431E+001
 -0.16058580E+001  0.34721586E+001  0.10901529E+002  0.97465485E+001  0.56338430E+001  0.39885728E+001
  0.48288442E+001 -0.20854948E+001  0.59494818E+001  0.68908679E+001  0.39831606E+001  0.28949986E+001
 -0.39106579E+001 -0.85426084E-001  0.31112736E+000  0.36394168E+001  0.21037091E+001  0.23647186E+001
 -0.14432533E+001 -0.44963377E+001  0.42021096E+001  0.58832166E+001  0.34007032E+001  0.26492657E+001
  0.29792099E+000  0.38199615E+000  0.51086550E+001  0.64059911E+001  0.37028850E+001  0.27676278E+001
 -0.19127424E+001  0.48142872E+001  0.84492044E+001  0.83323746E+001  0.48164015E+001  0.33736318E+001
  0.44782655E+001  0.42258561E+001  0.74567143E+001  0.77600386E+001  0.44855714E+001  0.31656867E+001
  0.69337946E+000  0.42761347E+001  0.10068487E+001  0.40406161E+001  0.23356162E+001  0.23889837E+001
 -0.16185872E+001  0.19750767E+001  0.97545100E+001  0.90851009E+001  0.52515033E+001  0.36830241E+001
 -0.10478345E+001 -0.40698955E+001  0.95928832E+000  0.40131896E+001  0.23197628E+001  0.23869558E+001
  0.24667606E+001  0.16183276E+001  0.65738118E+001  0.72508982E+001  0.41912706E+001  0.30005248E+001
  0.29838800E+001 -0.36450668E+001  0.74162674E+001  0.77367143E+001  0.44720891E+001  0.31577125E+001
 -0.19405417E+001 -0.32522259E+001  0.84230910E+001  0.83173159E+001  0.48076970E+001  0.33678584E+001
 -0.44585662E+001  0.36474193E+001  0.43470594E+001  0.59668043E+001  0.34490198E+001  0.26668693E+001
 -0.49790740E+001  0.33534315E+001  0.10398632E+002  0.94565444E+001  0.54662106E+001  0.38507306E+001
 -0.54490951E+000 -0.15601862E+001  0.11421240E+002  0.10046248E+002  0.58070798E+001  0.41373859E+001
 -0.42790367E+001 -0.49698595E+001  0.93567706E+001  0.88557378E+001  0.51189235E+001  0.35844278E+001
  0.47808660E+001  0.36940799E+001  0.29930758E+001  0.51860071E+001  0.29976919E+001  0.25220305E+001
 -0.34857263E+000  0.45245671E+001  0.13266593E+001  0.42250402E+001  0.24422198E+001  0.24040259E+001
  0.41992934E+001  0.28248216E+001  0.28456068E+001  0.51009666E+001  0.29485356E+001  0.25089061E+001
  0.40092062E+001  0.46111603E+001  0.11141179E+002  0.98847468E+001  0.57137264E+001  0.40563904E+001
 -0.36923645E+001 -0.13240951E+001  0.10879465E+002  0.97338251E+001  0.56264885E+001  0.39823983E+001
  0.12154166E+001 -0.26795035E+001  0.75082871E+001  0.77897790E+001  0.45027624E+001  0.31759112E+001
 -0.10192243E+001  0.41773882E+001  0.10324182E+002  0.94136115E+001  0.54413939E+001  0.38308387E+001
  0.19580856E+001  0.53291906E-001  0.90316399E+001  0.86682457E+001  0.50105466E+001  0.35066442E+001
  0.35422418E+001 -0.23804303E+001  0.50766121E+001  0.63875130E+001  0.36922040E+001  0.27631087E+001
  0.33419292E+001  0.24924383E+001  0.47576732E+000  0.37343592E+001  0.21585891E+001  0.23694141E+001
  0.21814028E+001 -0.37600024E+001  0.41012119E+001  0.58250323E+001  0.33670706E+001  0.26373090E+001
  0.49783211E+001 -0.14927565E+001  0.84136437E+001  0.83118680E+001  0.48045479E+001  0.33657737E+001
 -0.32130129E+001  0.12171812E+001  0.83420101E+001  0.82705593E+001  0.47806700E+001  0.33500365E+001
  0.48123494E+000  0.15283013E+001  0.29105121E+001  0.51383953E+001  0.29701707E+001  0.25146183E+001
  0.96411104E+000  0.10150580E+001  0.18684365E+000  0.35677465E+001  0.20622812E+001  0.23616040E+001
 -0.36785146E+001  0.11792730E+001  0.46772652E+001  0.61572230E+001  0.35590884E+001  0.27088499E+001
 -0.23237589E+001 -0.10577235E+001  0.25586210E+001  0.49354715E+001  0.28528737E+001  0.24848577E+001
 -0.10437568E+001 -0.32410515E+001  0.93755467E+000  0.40006566E+001  0.23125182E+001  0.23860472E+001
  0.38732215E+001  0.39872230E+001  0.90060722E+001  0.86535017E+001  0.50020241E+001  0.35006348E+001
 -0.37216157E+001 -0.35570060E+001  0.60343839E+001  0.69398281E+001  0.40114613E+001  0.29088007E+001
 -0.73258011E+000  0.18510341E+001  0.23872874E+001  0.48366691E+001  0.27957625E+001  0.24714406E+001
 -0.38802815E+000  0.31185854E+000  0.72378706E+001  0.76338388E+001  0.44126235E+001  0.31230085E+001
 -0.25505457E+001 -0.35179123E+001  0.21689059E+001  0.47107358E+001  0.27229686E+001  0.24553581E+001
  0.11103647E+001 -0.15336243E+001  0.52228451E+001  0.64718407E+001  0.37409484E+001  0.27839323E+001
  0.13813005E+001 -0.38249866E+000  0.71012592E+001  0.75550596E+001  0.43670864E+001  0.30969483E+001
  0.12443140E+001 -0.47877735E+001  0.81676657E+001  0.81700207E+001  0.47225552E+001  0.33122480E+001
 -0.49987637E+001 -0.35538604E+001  0.38331392E+001  0.56704437E+001  0.32777131E+001  0.26067256E+001
 -0.41980378E+001  0.37131583E+001  0.24162527E+000  0.35993373E+001  0.20805418E+001  0.23629313E+001
 -0.48727735E+001 -0.41260442E+000  0.11006156E+002  0.98068837E+001  0.56687188E+001  0.40180118E+001
 -0.25856547E+001  0.31363707E+001  0.45653907E+001  0.60927087E+001  0.35217969E+001  0.26943344E+001
 -0.47822092E+001 -0.27570741E+001  0.81577349E+001  0.81642939E+001  0.47192450E+001  0.33101174E+001
 -0.37660166E+001  0.26630794E+001  0.53439879E+001  0.65416998E+001  0.37813293E+001  0.28015708E+001
 -0.51856942E+000 -0.12689802E+001  0.10221517E+002  0.93544081E+001  0.54071723E+001  0.38036259E+001
 -0.49252235E+001 -0.62882184E+000  0.11187607E+002  0.99115199E+001  0.57292022E+001  0.40696877E+001
 -0.19665274E+001 -0.26337614E+001  0.11300881E+001  0.41116842E+001  0.23766960E+001  0.23944902E+001
 -0.20850508E+001 -0.16726440E+001  0.72596128E+001  0.76463768E+001  0.44198709E+001  0.31271973E+001
  0.40614498E+001 -0.60033089E+000  0.43427000E+001  0.59642904E+001  0.34475667E+001  0.26663325E+001
  0.30182751E+001 -0.84059338E+000  0.46776948E+001  0.61574707E+001  0.35592316E+001  0.27089063E+001
 -0.66959881E+000 -0.13718624E+001  0.10231967E+002  0.93604346E+001  0.54106558E+001  0.38063845E+001
  0.18219792E+001  0.10208118E+001  0.18148888E+001  0.45065859E+001  0.26049629E+001  0.24317127E+001
 -0.44153976E+001 -0.25884561E+001  0.93867049E+001  0.88729999E+001  0.51289016E+001  0.35917165E+001
 -0.63016055E+000 -0.26077257E+001  0.82414915E-001  0.35075260E+001  0.20274716E+001  0.23592729E+001
  0.16848068E+001  0.13760729E+001  0.96767005E+001  0.90402307E+001  0.52255668E+001  0.36634378E+001
 -0.25757843E+001 -0.22871494E+001  0.17851807E+001  0.44894543E+001  0.25950602E+001  0.24298650E+001
  0.47256033E+001  0.41888265E+001  0.92152599E-002  0.34653142E+001  0.20030718E+001  0.23577945E+001
 -0.31564241E+001  0.37724544E+001  0.36379272E+001  0.55578714E+001  0.32126424E+001  0.25855373E+001
  0.43259308E+001 -0.86199033E+000  0.26856842E+001  0.50087446E+001  0.28952281E+001  0.24952619E+001
  0.49336690E+001  0.99698745E+000  0.78504957E+001  0.79871193E+001  0.46168319E+001  0.32453688E+001
  0.69721223E+000  0.32948726E+001  0.25780754E+000  0.36086691E+001  0.20859358E+001  0.23633371E+001
  0.11331295E+000 -0.14257222E+001  0.64017476E+001  0.71516745E+001  0.41339159E+001  0.29705103E+001
  0.31236605E+001 -0.68883196E+000  0.83527264E+001  0.82767390E+001  0.47842421E+001  0.33523829E+001
 -0.36597412E+001  0.14737900E+001  0.10764019E+002  0.96672509E+001  0.55880063E+001  0.39502803E+001
  0.11055177E+001 -0.12271404E+001  0.45019972E+001  0.60561518E+001  0.35006657E+001  0.26862422E+001
  0.15329849E+001  0.36008371E+001  0.83226441E+001  0.82593915E+001  0.47742147E+001  0.33458030E+001
  0.13859392E+001  0.10131117E+001  0.82856230E+001  0.82380427E+001  0.47618743E+001  0.33377351E+001
 -0.48050851E+001 -0.32159728E+001  0.85544814E+001  0.83930844E+001  0.48514938E+001  0.33970728E+001
 -0.46831125E+001  0.93645634E-001  0.23120874E+000  0.35933304E+001  0.20770696E+001  0.23626734E+001
 -0.30029050E+001  0.35488281E+001  0.99761358E+001  0.92129051E+001  0.53253786E+001  0.37396067E+001
 -0.11857830E+001 -0.34622755E+001  0.93520870E+001  0.88530370E+001  0.51173623E+001  0.35832893E+001
 -0.29295498E+001  0.32457730E+001  0.10757142E+002  0.96632852E+001  0.55857139E+001  0.39483772E+001
 -0.35933667E+001 -0.28883133E+001  0.41853210E+001  0.58735352E+001  0.33951070E+001  0.26472593E+001
  0.70656808E+000  0.35702629E+001  0.75944184E+000  0.38979448E+001  0.22531473E+001  0.23790269E+001
  0.19577306E+001 -0.43422767E+001  0.46036582E+001  0.61147763E+001  0.35345527E+001  0.26992658E+001
  0.46709975E+001 -0.43019720E+001  0.10460481E+002  0.94922109E+001  0.54868271E+001  0.38673567E+001
  0.49388785E+000 -0.16299799E+001  0.76295604E+001  0.78597132E+001  0.45431868E+001  0.32002051E+001
 -0.23501948E+001 -0.35524492E+001  0.10637069E+001  0.40734043E+001  0.23545690E+001  0.23914790E+001
 -0.47959661E+001  0.69296734E-001  0.93881580E+001  0.88738379E+001  0.51293860E+001  0.35920708E+001
  0.44341366E+000 -0.15884537E+001  0.31374730E+001  0.52692761E+001  0.30458243E+001  0.25353860E+001
  0.71539253E+000  0.69671000E+000  0.69291349E+001  0.74558012E+001  0.43097116E+001  0.30647498E+001
 -0.45039557E+001 -0.53630038E+000  0.77759439E+000  0.39084128E+001  0.22591981E+001  0.23797076E+001
 -0.10007278E+001  0.23520377E+001  0.10122848E+002  0.92975091E+001  0.53742827E+001  0.37777102E+001
  0.28519751E+001 -0.46560333E+001  0.23834121E+001  0.48344344E+001  0.27944707E+001  0.24711453E+001
 -0.29598231E+001 -0.37177253E+001  0.92309414E+000  0.39923177E+001  0.23076980E+001  0.23854489E+001
 -0.10362181E+001  0.48802967E+000  0.60377137E+001  0.69417483E+001  0.40125712E+001  0.29093456E+001
 -0.22575619E+001  0.29174243E+000  0.34538133E+001  0.54516991E+001  0.31512711E+001  0.25663897E+001
  0.82000924E+000  0.24482589E+001  0.11149759E+002  0.98896942E+001  0.57165862E+001  0.40588437E+001
  0.67072699E+000  0.36180601E+001  0.36390754E+001  0.55585335E+001  0.32130251E+001  0.25856593E+001
 -0.74115222E+000  0.23805323E+001  0.35528412E+001  0.55088051E+001  0.31842804E+001  0.25765876E+001
  0.44274035E+001  0.45186069E+001  0.98866731E+001  0.91613149E+001  0.52955577E+001  0.37166247E+001
  0.23136450E+001 -0.23826854E+001  0.93872787E+001  0.88733308E+001  0.51290929E+001  0.35918564E+001
  0.45947611E+001 -0.77164897E+000  0.42590883E+001  0.59160743E+001  0.34196961E+001  0.26561255E+001
 -0.32998165E+001  0.20852250E+001  0.54647957E+001  0.66113656E+001  0.38215986E+001  0.28195105E+001
 -0.63438207E+000 -0.38628068E+001  0.36237403E+001  0.55496903E+001  0.32079134E+001  0.25840330E+001
  0.23365547E+001  0.49811639E+001  0.27878751E+001  0.50676747E+001  0.29292917E+001  0.25039099E+001
 -0.13369681E+001  0.12449926E+001  0.13102614E+001  0.42155841E+001  0.24367538E+001  0.24031951E+001
 -0.40500239E+001 -0.47920254E+001  0.64234951E+001  0.71642156E+001  0.41411650E+001  0.29742648E+001
 -0.61764351E+000  0.28595354E+001  0.26038114E+001  0.49615313E+001  0.28679371E+001  0.24885137E+001
  0.15628306E+001  0.29028834E+001  0.39023202E+001  0.57103380E+001  0.33007734E+001  0.26144535E+001
 -0.25693510E+001  0.31329622E+001  0.74341725E+001  0.77470395E+001  0.44780575E+001  0.31612377E+001
  0.26639869E+001 -0.44002364E+001  0.10149207E+002  0.93127092E+001  0.53830689E+001  0.37846106E+001
 -0.55658447E+000 -0.29221233E+001  0.55085677E+001  0.66366074E+001  0.38361892E+001  0.28260968E+001
 -0.28128803E+001 -0.47401537E+001  0.81088895E+001  0.81361264E+001  0.47029632E+001  0.32996724E+001
 -0.64741549E+000 -0.11671667E+001  0.10920896E+002  0.97577169E+001  0.56402987E+001  0.39940024E+001
 -0.40103301E+001  0.12162104E+001  0.53237054E+001  0.65300035E+001  0.37745685E+001  0.27985932E+001
  0.26024557E+001 -0.56190366E+000  0.76996058E+001  0.79001061E+001  0.45665353E+001  0.32143973E+001
  0.38216269E+001 -0.18731892E+000  0.17800384E+001  0.44864889E+001  0.25933461E+001  0.24295473E+001
  0.96189891E+000 -0.25519527E-001  0.34715614E+001  0.54619338E+001  0.31571871E+001  0.25682001E+001
 -0.36337197E+001 -0.15106863E+001  0.37136718E+001  0.56015508E+001  0.32378906E+001  0.25936503E+001
 -0.42021485E+001  0.44826590E+001  0.41130462E+001  0.58318567E+001  0.33710154E+001  0.26386987E+001
  0.40797657E+001  0.41186771E+001  0.81932114E+001  0.81847520E+001  0.47310705E+001  0.33177394E+001
 -0.12493508E+001 -0.49881747E+001  0.26046399E+001  0.49620091E+001  0.28682133E+001  0.24885812E+001
  0.40312782E+001  0.26575855E+001  0.17665071E+001  0.44786858E+001  0.25888357E+001  0.24287143E+001
  0.31260877E+001  0.25046713E+001  0.34429043E+001  0.54454082E+001  0.31476348E+001  0.25652807E+001
  0.35963145E+001  0.40295186E+001  0.54920025E+001  0.66270549E+001  0.38306675E+001  0.28235989E+001
  0.49160284E+001 -0.16593433E+001  0.40680687E+001  0.58059197E+001  0.33560229E+001  0.26334346E+001
  0.35227169E+001 -0.14163727E+001  0.57561658E+001  0.67793890E+001  0.39187219E+001  0.28642160E+001
  0.46728770E+001  0.12735363E+001  0.62277838E+001  0.70513554E+001  0.40759279E+001  0.29408852E+001
 -0.11180411E+001  0.31353743E+001  0.59503004E+001  0.68913400E+001  0.39834335E+001  0.28951308E+001
  0.89458783E+000  0.33950589E+001  0.10548341E+002  0.95428767E+001  0.55161136E+001  0.38911323E+001
  0.22230320E+001 -0.30932431E+001  0.40299250E+001  0.57839235E+001  0.33433083E+001  0.26290082E+001
  0.14133791E+001  0.26102160E+000  0.10480717E+002  0.95038801E+001  0.54935722E+001  0.38728163E+001
 -0.27382987E+001  0.13580117E+001  0.46813106E+001  0.61595559E+001  0.35604369E+001  0.27093804E+001
 -0.15261488E+001 -0.10225809E+000  0.86165094E+001  0.84288539E+001  0.48721698E+001  0.34110082E+001
 -0.16256497E+001  0.23333173E-001  0.10499649E+002  0.95147977E+001  0.54998830E+001  0.38779330E+001
  0.28809448E+000 -0.98050077E+000  0.97465249E+001  0.90804961E+001  0.52488416E+001  0.36810074E+001
  0.16259949E+001 -0.39635512E+001  0.54631332E+001  0.66104069E+001  0.38210444E+001  0.28192612E+001
  0.33797795E+001 -0.22247803E+001  0.92474527E+001  0.87926978E+001  0.50824842E+001  0.35579924E+001
 -0.94230483E+000 -0.11983098E+001  0.10518721E+002  0.95257960E+001  0.55062404E+001  0.38830963E+001
 -0.22946293E+001 -0.13136123E+001  0.76900958E+001  0.78946220E+001  0.45633653E+001  0.32124636E+001
 -0.43208192E+001 -0.93665616E+000  0.11839624E+002  0.10287517E+002  0.59465414E+001  0.42618842E+001
  0.11467154E+001  0.45193447E+001  0.11420234E+002  0.10045669E+002  0.58067448E+001  0.41370919E+001
 -0.26816120E+001  0.12866167E+001  0.50563523E+001  0.63758299E+001  0.36854508E+001  0.27602641E+001
  0.13003822E+001 -0.49260502E+001  0.10422358E+001  0.40610227E+001  0.23474119E+001  0.23905276E+001
 -0.78517324E+000 -0.15457715E+001  0.51074269E+001  0.64052829E+001  0.37024756E+001  0.27674541E+001
  0.48609612E+001 -0.33447002E+001  0.25995899E+001  0.49590969E+001  0.28665300E+001  0.24881701E+001
  0.14333492E+001  0.26392602E+000  0.17869131E+001  0.44904533E+001  0.25956377E+001  0.24299721E+001
 -0.34858065E+001 -0.11873222E+000  0.87864918E+001  0.85268770E+001  0.49288306E+001  0.34496692E+001
 -0.12872665E+001  0.32685019E+001  0.41318867E+001  0.58427214E+001  0.33772956E+001  0.26409182E+001
 -0.32153638E+001  0.19990058E+001  0.44615072E+001  0.60328026E+001  0.34871691E+001  0.26811240E+001
 -0.63271605E-001 -0.33401554E+001  0.28895600E+001  0.51263130E+001  0.29631867E+001  0.25127633E+001
 -0.43713919E+001 -0.29410506E+001  0.67108683E+001  0.73299341E+001  0.42369561E+001  0.30249397E+001
  0.48476379E+001  0.36127136E+001  0.84801320E+001  0.83502095E+001  0.48267107E+001  0.33804906E+001
  0.14901338E+001 -0.82040372E+000  0.32361233E+001  0.53261645E+001  0.30787078E+001  0.25447974E+001
  0.40370313E+001  0.46241464E+001  0.33454326E+001  0.53891995E+001  0.31151442E+001  0.25554978E+001
 -0.24629573E+001 -0.19913038E+001  0.17267500E+001  0.44557592E+001  0.25755833E+001  0.24262924E+001
 -0.31264034E+001 -0.11670623E+001  0.33096320E+001  0.53685545E+001  0.31032107E+001  0.25519617E+001
 -0.49709294E+001 -0.42257351E+001  0.63872798E+001  0.71433314E+001  0.41290933E+001  0.29680189E+001
 -0.14386354E+001 -0.15145637E+001  0.91158673E+001  0.87168169E+001  0.50386224E+001  0.35265517E+001
 -0.17599973E+000 -0.37351175E+001  0.93917679E+001  0.88759196E+001  0.51305893E+001  0.35929514E+001
 -0.23673392E+001  0.21014224E+001  0.21093693E+001  0.46764030E+001  0.27031231E+001  0.24511717E+001
  0.52257002E+000 -0.35071625E+000  0.57021624E+001  0.67482471E+001  0.39007208E+001  0.28557767E+001
  0.43612301E+001  0.21303550E+000  0.69234580E+001  0.74525275E+001  0.43078193E+001  0.30636999E+001
  0.15135578E+001  0.49864772E+001  0.10528904E+002  0.95316679E+001  0.55096346E+001  0.38858565E+001
  0.50847673E+000  0.17284923E+001  0.35310962E+001  0.54962656E+001  0.31770321E+001  0.25743282E+001
  0.41201655E+001 -0.32933625E+001  0.10027655E+002  0.92426146E+001  0.53425517E+001  0.37529284E+001
 -0.48579122E+001 -0.45588884E+001  0.69255609E+001  0.74537402E+001  0.43085203E+001  0.30640887E+001
  0.63715942E+000 -0.33894753E+001  0.11742850E+002  0.10231710E+002  0.59142834E+001  0.42327147E+001
  0.60902481E+000  0.18527539E+001  0.47896915E+000  0.37362056E+001  0.21596564E+001  0.23695119E+001
  0.38072326E+001  0.47037325E+001  0.92755440E+001  0.88088971E+001  0.50918480E+001  0.35647581E+001
  0.98024093E+000  0.13650832E+001  0.27831130E+001  0.50649286E+001  0.29277043E+001  0.25035014E+001
