         114
 -0.25579418E+001  0.16411327E+001  0.70737253E+000  0.31000000E+001  0.17400000E+001  0.23503599E+001
  0.22204765E+001 -0.25104597E+001  0.11841685E+002  0.52000000E+001  0.29200000E+001  0.25242399E+001
 -0.10280208E+001  0.31391385E+001  0.69940558E+001  0.52000000E+001  0.29200000E+001  0.25242399E+001
 -0.10120421E+000 -0.94355300E+000  0.14854323E+002  0.60000000E+001  0.33700000E+001  0.26739999E+001
  0.11644656E+001 -0.26747518E+001  0.88176917E+001  0.52000000E+001  0.29200000E+001  0.25242399E+001
  0.19382963E+001  0.32769615E+001  0.44975901E+001  0.35000000E+001  0.19700000E+001  0.23589999E+001
 -0.20760865E+001 -0.10710360E+001  0.91009054E+001  0.52000000E+001  0.29200000E+001  0.25242399E+001
  0.57703107E+000 -0.14588532E+001  0.11657739E+001  0.31000000E+001  0.17400000E+001  0.23503599E+001
 -0.24395705E+001  0.15410722E+001  0.84954258E+001  0.52000000E+001  0.29200000E+001  0.25242399E+001
 -0.24950450E+000 -0.36124102E+000  0.55909362E+001  0.42000000E+001  0.23600000E+001  0.24018399E+001
  0.18486267E+001  0.96993783E+000  0.51271296E+001  0.42000000E+001  0.23600000E+001  0.24018399E+001
 -0.16801353E+001  0.32177418E+000  0.55184423E+001  0.42000000E+001  0.23600000E+001  0.24018399E+001
 -0.74887603E+000 -0.29886773E+001  0.78056492E+001  0.52000000E+001  0.29200000E+001  0.25242399E+001
 -0.26846110E-001  0.26963980E+001  0.84406853E+001  0.52000000E+001  0.29200000E+001  0.25242399E+001
 -0.77049364E+000 -0.46807499E+000  0.20684363E+001  0.35000000E+001  0.19700000E+001  0.23589999E+001
  0.25936148E+001 -0.10947410E+001  0.15337702E+001  0.35000000E+001  0.19700000E+001  0.23589999E+001
 -0.23830383E+001  0.11276489E+001  0.76057781E+000  0.31000000E+001  0.17400000E+001  0.23503599E+001
  0.29032331E+000 -0.11980728E+001  0.13569679E+002  0.52000000E+001  0.29200000E+001  0.25242399E+001
  0.23745168E+001 -0.22416427E+001  0.14380476E+002  0.60000000E+001  0.33700000E+001  0.26739999E+001
 -0.21055275E+001 -0.19159806E+000  0.81503077E-002  0.19000000E+001  0.12800000E+001  0.23935599E+001
  0.16770775E+001 -0.44027990E+000  0.35945836E+001  0.35000000E+001  0.19700000E+001  0.23589999E+001
 -0.20174062E+001 -0.34811562E+001  0.10903173E+002  0.52000000E+001  0.29200000E+001  0.25242399E+001
 -0.11715107E+001 -0.15197236E+001  0.11092305E+002  0.52000000E+001  0.29200000E+001  0.25242399E+001
 -0.22394708E+001 -0.28844727E+001  0.11441225E+001  0.31000000E+001  0.17400000E+001  0.23503599E+001
 -0.20770933E+001  0.20842812E+001  0.23840065E+001  0.35000000E+001  0.19700000E+001  0.23589999E+001
 -0.91071546E+000  0.33652887E+001  0.22034711E+001  0.35000000E+001  0.19700000E+001  0.23589999E+001
 -0.66146791E+000 -0.69669053E+000  0.11848095E+002  0.52000000E+001  0.29200000E+001  0.25242399E+001
 -0.29018827E+001  0.29803579E+000  0.27820130E+001  0.35000000E+001  0.19700000E+001  0.23589999E+001
  0.11164119E+001  0.16355059E+001  0.63552631E+001  0.42000000E+001  0.23600000E+001  0.24018399E+001
  0.51072015E+000 -0.27183799E+000  0.36059470E+001  0.35000000E+001  0.19700000E+001  0.23589999E+001
 -0.25877597E+001 -0.34780887E+001  0.23367464E+000  0.19000000E+001  0.12800000E+001  0.23935599E+001
 -0.13336386E+000 -0.17918902E+001  0.87314300E+001  0.52000000E+001  0.29200000E+001  0.25242399E+001
  0.10030078E+001 -0.14387631E+001  0.15228682E+001  0.35000000E+001  0.19700000E+001  0.23589999E+001
 -0.21556242E+001 -0.13764527E+001  0.10764234E+002  0.52000000E+001  0.29200000E+001  0.25242399E+001
 -0.13986853E+001  0.31540002E+001  0.71519409E+001  0.52000000E+001  0.29200000E+001  0.25242399E+001
  0.57175343E+000  0.27593819E+001  0.12557924E+002  0.52000000E+001  0.29200000E+001  0.25242399E+001
  0.17439707E+001  0.28406144E+001  0.20437202E+001  0.35000000E+001  0.19700000E+001  0.23589999E+001
 -0.13078023E+001 -0.49480979E+000  0.95046622E+001  0.52000000E+001  0.29200000E+001  0.25242399E+001
  0.27520204E+001  0.26554428E+001  0.34750869E+001  0.35000000E+001  0.19700000E+001  0.23589999E+001
  0.52839594E+000  0.67989912E-003  0.13766931E+002  0.60000000E+001  0.33700000E+001  0.26739999E+001
  0.40358380E+000 -0.22552293E+000  0.84784955E+001  0.52000000E+001  0.29200000E+001  0.25242399E+001
 -0.14259415E+001 -0.24580582E+001  0.13292496E+002  0.52000000E+001  0.29200000E+001  0.25242399E+001
  0.17184747E+001 -0.10658136E+001  0.92049801E+001  0.52000000E+001  0.29200000E+001  0.25242399E+001
  0.37307179E+000  0.43736182E-001  0.79469457E+001  0.52000000E+001  0.29200000E+001  0.25242399E+001
 -0.28797883E-001 -0.14063145E+001  0.10408891E+001  0.31000000E+001  0.17400000E+001  0.23503599E+001
  0.17456820E+001 -0.29479715E+001  0.21658986E+001  0.35000000E+001  0.19700000E+001  0.23589999E+001
 -0.20514388E+001 -0.29933319E+001  0.26076023E+001  0.35000000E+001  0.19700000E+001  0.23589999E+001
 -0.11631095E+001  0.21384486E+001  0.43272197E+001  0.35000000E+001  0.19700000E+001  0.23589999E+001
  0.57885476E+000  0.27867705E+001  0.52643848E+001  0.42000000E+001  0.23600000E+001  0.24018399E+001
 -0.15340492E+001 -0.10052371E+001  0.94866110E+001  0.52000000E+001  0.29200000E+001  0.25242399E+001
  0.12698489E+001  0.66698816E+000  0.92345017E+001  0.52000000E+001  0.29200000E+001  0.25242399E+001
  0.13856828E+001 -0.30156074E+000  0.76605753E+001  0.52000000E+001  0.29200000E+001  0.25242399E+001
 -0.46222630E+000 -0.26192344E+001  0.64415850E+001  0.42000000E+001  0.23600000E+001  0.24018399E+001
  0.23329399E+001 -0.23147410E+001  0.16073515E+001  0.35000000E+001  0.19700000E+001  0.23589999E+001
 -0.44331115E+000  0.23025546E+001  0.52262252E+000  0.27500000E+001  0.15400000E+001  0.23522499E+001
  0.96905408E+000 -0.85111303E+000  0.31696952E+001  0.35000000E+001  0.19700000E+001  0.23589999E+001
  0.27895991E+001 -0.14793784E+001  0.74645875E+000  0.31000000E+001  0.17400000E+001  0.23503599E+001
  0.24850261E+001 -0.27454139E+000  0.12513413E+002  0.52000000E+001  0.29200000E+001  0.25242399E+001
  0.46430650E+000  0.28258211E+001  0.65708788E+001  0.42000000E+001  0.23600000E+001  0.24018399E+001
 -0.12402506E+001 -0.34753242E+001  0.14031112E+002  0.60000000E+001  0.33700000E+001  0.26739999E+001
 -0.25665573E+001  0.14578202E+001  0.92530386E+001  0.52000000E+001  0.29200000E+001  0.25242399E+001
 -0.17228695E+001  0.31956430E+001  0.48995652E+000  0.27500000E+001  0.15400000E+001  0.23522499E+001
 -0.19969852E+001 -0.21623760E+001  0.94857963E+001  0.52000000E+001  0.29200000E+001  0.25242399E+001
 -0.23673586E+001  0.47952379E+000  0.90200014E+001  0.52000000E+001  0.29200000E+001  0.25242399E+001
 -0.14476378E+001  0.24860834E+001  0.82651357E+001  0.52000000E+001  0.29200000E+001  0.25242399E+001
 -0.14328642E+001  0.20622232E+001  0.14369002E+001  0.35000000E+001  0.19700000E+001  0.23589999E+001
 -0.20556285E+001  0.60544433E+000  0.93288970E+001  0.52000000E+001  0.29200000E+001  0.25242399E+001
  0.91154730E+000  0.47011591E+000  0.42023547E+001  0.35000000E+001  0.19700000E+001  0.23589999E+001
  0.23806046E+001  0.24744381E+001  0.13026873E+000  0.19000000E+001  0.12800000E+001  0.23935599E+001
 -0.18817041E+001 -0.24355743E+000  0.32992138E+001  0.35000000E+001  0.19700000E+001  0.23589999E+001
  0.26596621E+001 -0.33527898E+001  0.45232650E+001  0.35000000E+001  0.19700000E+001  0.23589999E+001
 -0.26183226E-001 -0.18806254E+001  0.29605798E+001  0.35000000E+001  0.19700000E+001  0.23589999E+001
  0.12646792E+001  0.14403596E+001  0.14554441E+002  0.60000000E+001  0.33700000E+001  0.26739999E+001
  0.41103178E+000 -0.15033009E+001  0.10423273E+002  0.52000000E+001  0.29200000E+001  0.25242399E+001
 -0.96408884E+000  0.22301018E+001  0.13830349E+002  0.60000000E+001  0.33700000E+001  0.26739999E+001
 -0.20656664E+001 -0.34123205E+001  0.12072318E+002  0.52000000E+001  0.29200000E+001  0.25242399E+001
 -0.18720129E+001 -0.31667145E+001  0.58937878E+001  0.42000000E+001  0.23600000E+001  0.24018399E+001
 -0.14879041E+001 -0.73122429E+000  0.38457992E+001  0.35000000E+001  0.19700000E+001  0.23589999E+001
  0.13511646E+001 -0.92975276E+000  0.73161707E+001  0.52000000E+001  0.29200000E+001  0.25242399E+001
  0.21950491E+000 -0.27153320E+001  0.11935809E+002  0.52000000E+001  0.29200000E+001  0.25242399E+001
  0.56684929E+000 -0.47477171E+000  0.47907568E+001  0.35000000E+001  0.19700000E+001  0.23589999E+001
 -0.34621587E+000  0.17008938E+001  0.90612038E+001  0.52000000E+001  0.29200000E+001  0.25242399E+001
  0.20748602E+001  0.14446210E-001  0.12064886E+002  0.52000000E+001  0.29200000E+001  0.25242399E+001
  0.22732619E+001  0.53148234E+000  0.20544383E+001  0.35000000E+001  0.19700000E+001  0.23589999E+001
  0.15193068E+001  0.27248039E+001  0.14561100E+002  0.60000000E+001  0.33700000E+001  0.26739999E+001
 -0.26482836E+001 -0.27056359E+001  0.14259928E+001  0.35000000E+001  0.19700000E+001  0.23589999E+001
 -0.29479379E+001  0.17297957E+001  0.10597281E+002  0.52000000E+001  0.29200000E+001  0.25242399E+001
  0.19470587E+001 -0.11807387E+001  0.59017511E+001  0.42000000E+001  0.23600000E+001  0.24018399E+001
 -0.80968183E+000 -0.10125634E+001  0.10572114E+002  0.52000000E+001  0.29200000E+001  0.25242399E+001
  0.23394423E+001  0.75757662E+000  0.15122993E+001  0.35000000E+001  0.19700000E+001  0.23589999E+001
  0.27687418E+001 -0.16541514E+001  0.30929451E+001  0.35000000E+001  0.19700000E+001  0.23589999E+001
 -0.53751189E+000 -0.64246424E+000  0.30638108E+001  0.35000000E+001  0.19700000E+001  0.23589999E+001
  0.11360214E+001  0.96317464E+000  0.76562695E+001  0.52000000E+001  0.29200000E+001  0.25242399E+001
 -0.26565413E+001  0.25131428E+001  0.11281293E+002  0.52000000E+001  0.29200000E+001  0.25242399E+001
  0.15680673E+001  0.87595979E+000  0.96175466E+001  0.52000000E+001  0.29200000E+001  0.25242399E+001
  0.50168129E+000  0.25397115E+001  0.14543730E+002  0.60000000E+001  0.33700000E+001  0.26739999E+001
  0.20923265E+001  0.21417159E+001  0.21106400E+001  0.35000000E+001  0.19700000E+001  0.23589999E+001
 -0.19864190E+001 -0.18357918E+001  0.14488106E+002  0.60000000E+001  0.33700000E+001  0.26739999E+001
  0.21367438E+001  0.17383661E+001  0.12129792E+002  0.52000000E+001  0.29200000E+001  0.25242399E+001
  0.20091845E+001 -0.21311519E+001  0.64819723E+001  0.42000000E+001  0.23600000E+001  0.24018399E+001
 -0.17013212E+001 -0.10235517E+001  0.81243079E+000  0.31000000E+001  0.17400000E+001  0.23503599E+001
  0.23675425E+000  0.25498040E+001  0.51579875E+000  0.27500000E+001  0.15400000E+001  0.23522499E+001
 -0.76323909E+000 -0.16862416E+001  0.11626012E+002  0.52000000E+001  0.29200000E+001  0.25242399E+001
 -0.25798424E+000  0.18534225E+000  0.10418401E+002  0.52000000E+001  0.29200000E+001  0.25242399E+001
  0.25473728E+000  0.10604636E+000  0.19496558E+001  0.35000000E+001  0.19700000E+001  0.23589999E+001
 -0.74141617E+000 -0.98755377E+000  0.10930869E+002  0.52000000E+001  0.29200000E+001  0.25242399E+001
 -0.13345832E+001  0.68447985E+000  0.84418424E+001  0.52000000E+001  0.29200000E+001  0.25242399E+001
 -0.63003471E+000  0.25513759E+001  0.97628064E+001  0.52000000E+001  0.29200000E+001  0.25242399E+001
 -0.42723109E+000 -0.27283349E+001  0.30335699E+001  0.35000000E+001  0.19700000E+001  0.23589999E+001
 -0.96113203E+000  0.31249275E+001  0.34639385E+001  0.35000000E+001  0.19700000E+001  0.23589999E+001
  0.22458032E+000 -0.16391012E+001  0.21600791E+001  0.35000000E+001  0.19700000E+001  0.23589999E+001
  0.90206306E+000  0.22801235E+001  0.56115810E+001  0.42000000E+001  0.23600000E+001  0.24018399E+001
  0.22566054E+001 -0.27524150E+001  0.82956712E+001  0.52000000E+001  0.29200000E+001  0.25242399E+001
  0.26200203E+001 -0.17596139E+000  0.14191329E+002  0.60000000E+001  0.33700000E+001  0.26739999E+001
