         132
  0.22453560E+001  0.30367633E+001  0.62246980E+001  0.42000000E+001  0.23600000E+001  0.24018399E+001
 -0.17620215E+001  0.33656446E+001  0.12571955E+002  0.52000000E+001  0.29200000E+001  0.25242399E+001
 -0.11698842E+001 -0.20973340E+001  0.10866468E+002  0.52000000E+001  0.29200000E+001  0.25242399E+001
 -0.25062296E+001 -0.18844388E+001  0.60795213E+001  0.42000000E+001  0.23600000E+001  0.24018399E+001
 -0.16736349E+001  0.21991744E+000  0.51487281E+001  0.42000000E+001  0.23600000E+001  0.24018399E+001
  0.26361912E+001 -0.81351730E+000  0.87614292E+001  0.52000000E+001  0.29200000E+001  0.25242399E+001
  0.22699003E+001  0.46708709E+000  0.75727196E+001  0.52000000E+001  0.29200000E+001  0.25242399E+001
  0.31340073E+000  0.11264054E+001  0.31339724E+001  0.35000000E+001  0.19700000E+001  0.23589999E+001
 -0.27205919E+001 -0.30827158E+001  0.10948024E+002  0.52000000E+001  0.29200000E+001  0.25242399E+001
 -0.10055159E+001 -0.10601697E+001  0.67843323E+001  0.52000000E+001  0.29200000E+001  0.25242399E+001
  0.91213112E+000 -0.22713090E+001  0.54934423E+001  0.42000000E+001  0.23600000E+001  0.24018399E+001
  0.17585826E+001  0.79072206E+000  0.39280475E+001  0.35000000E+001  0.19700000E+001  0.23589999E+001
  0.62917033E+000  0.25738620E+001  0.68431025E+001  0.52000000E+001  0.29200000E+001  0.25242399E+001
 -0.28873173E+000 -0.22902288E+001  0.75496655E+001  0.52000000E+001  0.29200000E+001  0.25242399E+001
 -0.80014861E+000  0.21391126E+000  0.32333999E+001  0.35000000E+001  0.19700000E+001  0.23589999E+001
 -0.93403766E+000  0.92220742E+000  0.63216879E+000  0.27500000E+001  0.15400000E+001  0.23522499E+001
 -0.64145929E+000 -0.26197695E+001  0.47186065E+001  0.35000000E+001  0.19700000E+001  0.23589999E+001
 -0.39600788E-001  0.57634290E-001  0.76685198E+001  0.52000000E+001  0.29200000E+001  0.25242399E+001
  0.75179038E+000  0.10915828E+001  0.14029869E+002  0.60000000E+001  0.33700000E+001  0.26739999E+001
  0.21576075E+001  0.10489842E+001  0.19100951E+001  0.35000000E+001  0.19700000E+001  0.23589999E+001
  0.69574327E+000  0.15917799E+000  0.30697610E+001  0.35000000E+001  0.19700000E+001  0.23589999E+001
 -0.68179191E+000 -0.22842709E+001  0.33453465E+001  0.35000000E+001  0.19700000E+001  0.23589999E+001
 -0.66585901E+000  0.60952375E+000  0.10393846E+002  0.52000000E+001  0.29200000E+001  0.25242399E+001
 -0.14913358E+001 -0.24944117E+001  0.70467128E+001  0.52000000E+001  0.29200000E+001  0.25242399E+001
  0.16949711E+001  0.29675071E+001  0.63117360E+001  0.42000000E+001  0.23600000E+001  0.24018399E+001
  0.18059112E+001 -0.17214728E+001  0.76956792E+001  0.52000000E+001  0.29200000E+001  0.25242399E+001
  0.58748441E+000  0.15923759E+001  0.11348172E+002  0.52000000E+001  0.29200000E+001  0.25242399E+001
 -0.92840692E-001 -0.34478560E+001  0.29785183E+001  0.35000000E+001  0.19700000E+001  0.23589999E+001
  0.26541812E+001 -0.34932899E+001  0.12343924E+002  0.52000000E+001  0.29200000E+001  0.25242399E+001
  0.19790976E+001  0.24467802E+001  0.59393251E+001  0.42000000E+001  0.23600000E+001  0.24018399E+001
  0.25720075E+001 -0.12170938E+001  0.32677263E+001  0.35000000E+001  0.19700000E+001  0.23589999E+001
 -0.10172112E+001 -0.19242941E+001  0.66919856E+001  0.42000000E+001  0.23600000E+001  0.24018399E+001
  0.13846471E+001  0.98918683E+000  0.14374053E+002  0.60000000E+001  0.33700000E+001  0.26739999E+001
  0.25894190E+001 -0.28080479E+001  0.72394317E+000  0.31000000E+001  0.17400000E+001  0.23503599E+001
 -0.22035248E+001 -0.18327419E+001  0.10720952E+002  0.52000000E+001  0.29200000E+001  0.25242399E+001
  0.86418425E+000  0.15909912E+001  0.71761224E+001  0.52000000E+001  0.29200000E+001  0.25242399E+001
  0.24102488E+001 -0.34451134E+000  0.14040313E+002  0.60000000E+001  0.33700000E+001  0.26739999E+001
 -0.19657426E+001  0.34641415E+001  0.87638745E+001  0.52000000E+001  0.29200000E+001  0.25242399E+001
  0.20836672E+001 -0.16402214E+001  0.10256436E+002  0.52000000E+001  0.29200000E+001  0.25242399E+001
  0.23660378E+000  0.25560817E+001  0.28265135E+001  0.35000000E+001  0.19700000E+001  0.23589999E+001
  0.14283848E+001 -0.53224861E+000  0.51064437E+001  0.42000000E+001  0.23600000E+001  0.24018399E+001
 -0.20870649E+001 -0.15490468E+001  0.11978890E+002  0.52000000E+001  0.29200000E+001  0.25242399E+001
  0.15525030E+000 -0.28933265E+000  0.73658232E+001  0.52000000E+001  0.29200000E+001  0.25242399E+001
  0.66358073E+000  0.10082553E+001  0.37343672E+001  0.35000000E+001  0.19700000E+001  0.23589999E+001
 -0.39953565E+000 -0.15088866E+001  0.56168316E+000  0.27500000E+001  0.15400000E+001  0.23522499E+001
 -0.17738141E+001  0.26985333E+001  0.20402253E+001  0.35000000E+001  0.19700000E+001  0.23589999E+001
 -0.19319894E+001 -0.33944780E+001  0.10160943E+002  0.52000000E+001  0.29200000E+001  0.25242399E+001
  0.15140098E+001 -0.13099191E+001  0.40545265E+001  0.35000000E+001  0.19700000E+001  0.23589999E+001
 -0.11572408E+001  0.34422500E+001  0.11529519E+002  0.52000000E+001  0.29200000E+001  0.25242399E+001
  0.18571381E+001 -0.15543274E+001  0.61035016E+000  0.27500000E+001  0.15400000E+001  0.23522499E+001
  0.12326384E+001  0.56168668E+000  0.94694404E+001  0.52000000E+001  0.29200000E+001  0.25242399E+001
  0.24542377E+001 -0.20146850E+000  0.22214418E+001  0.35000000E+001  0.19700000E+001  0.23589999E+001
 -0.24178863E+001 -0.52893747E+000  0.13713517E+002  0.52000000E+001  0.29200000E+001  0.25242399E+001
 -0.28926708E+001  0.63831836E+000  0.58364709E+001  0.42000000E+001  0.23600000E+001  0.24018399E+001
  0.55827980E+000  0.19977300E+001  0.83630823E+001  0.52000000E+001  0.29200000E+001  0.25242399E+001
  0.46146645E+000 -0.15727414E+001  0.49289928E+001  0.35000000E+001  0.19700000E+001  0.23589999E+001
 -0.23243427E+000  0.27997252E+001  0.67316510E+001  0.42000000E+001  0.23600000E+001  0.24018399E+001
 -0.29350938E+001 -0.24188877E+001  0.13068906E+001  0.31000000E+001  0.17400000E+001  0.23503599E+001
  0.23362467E+001 -0.85165192E+000  0.94667707E+001  0.52000000E+001  0.29200000E+001  0.25242399E+001
  0.17504300E+001 -0.27917924E+001  0.11966789E+002  0.52000000E+001  0.29200000E+001  0.25242399E+001
  0.21589400E+001  0.13099271E+001  0.87026471E+001  0.52000000E+001  0.29200000E+001  0.25242399E+001
  0.22118614E+001  0.68333140E+000  0.12086417E+002  0.52000000E+001  0.29200000E+001  0.25242399E+001
 -0.74956532E+000 -0.70586271E+000  0.59333472E+001  0.42000000E+001  0.23600000E+001  0.24018399E+001
 -0.27569400E+001  0.31703737E+001  0.99751469E+001  0.52000000E+001  0.29200000E+001  0.25242399E+001
  0.49631667E+000 -0.28841380E+001  0.42948309E+000  0.27500000E+001  0.15400000E+001  0.23522499E+001
  0.19399123E+001  0.13640976E+001  0.16993842E+001  0.35000000E+001  0.19700000E+001  0.23589999E+001
  0.27752495E+001  0.16347047E+001  0.53860748E+001  0.42000000E+001  0.23600000E+001  0.24018399E+001
 -0.92415143E+000  0.25290545E+000  0.13624583E+002  0.52000000E+001  0.29200000E+001  0.25242399E+001
 -0.18171432E+001  0.26785600E+001  0.13237720E+002  0.52000000E+001  0.29200000E+001  0.25242399E+001
 -0.24707611E+001  0.22305151E+001  0.10337459E+002  0.52000000E+001  0.29200000E+001  0.25242399E+001
  0.23304872E+001  0.28531584E+001  0.34468370E+001  0.35000000E+001  0.19700000E+001  0.23589999E+001
 -0.22329241E+001  0.34520565E+001  0.58501588E+001  0.42000000E+001  0.23600000E+001  0.24018399E+001
 -0.89877428E+000  0.56918366E+000  0.13509985E+002  0.52000000E+001  0.29200000E+001  0.25242399E+001
  0.13550738E+001  0.99553474E+000  0.14453109E+002  0.60000000E+001  0.33700000E+001  0.26739999E+001
  0.11055347E+001  0.61500119E+000  0.63553350E+001  0.42000000E+001  0.23600000E+001  0.24018399E+001
 -0.15533569E+001 -0.14591157E+000  0.85261768E+001  0.52000000E+001  0.29200000E+001  0.25242399E+001
  0.10486907E+001  0.13997781E+001  0.10830912E+002  0.52000000E+001  0.29200000E+001  0.25242399E+001
  0.14453616E+001 -0.28589834E+001  0.54629295E-001  0.19000000E+001  0.12800000E+001  0.23935599E+001
  0.25660028E+001 -0.47712027E+000  0.14028156E+002  0.60000000E+001  0.33700000E+001  0.26739999E+001
 -0.19126009E+001  0.75123278E+000  0.10449877E+002  0.52000000E+001  0.29200000E+001  0.25242399E+001
 -0.29633672E+001 -0.28033292E+001  0.11025183E+002  0.52000000E+001  0.29200000E+001  0.25242399E+001
  0.21474463E+000  0.31269540E+001  0.18097980E+001  0.35000000E+001  0.19700000E+001  0.23589999E+001
 -0.27254411E+001  0.13774547E+001  0.14364526E+001  0.35000000E+001  0.19700000E+001  0.23589999E+001
  0.20302057E+001  0.10883088E+001  0.45500335E+001  0.35000000E+001  0.19700000E+001  0.23589999E+001
  0.10615933E+001  0.12006170E+001  0.78065462E+001  0.52000000E+001  0.29200000E+001  0.25242399E+001
 -0.28879609E+001 -0.26411724E+001  0.46109912E+001  0.35000000E+001  0.19700000E+001  0.23589999E+001
 -0.20305186E+001 -0.65955523E+000  0.23691018E+001  0.35000000E+001  0.19700000E+001  0.23589999E+001
  0.23041981E+001 -0.25792025E+001  0.61360347E+001  0.42000000E+001  0.23600000E+001  0.24018399E+001
 -0.27478598E+000  0.15659200E+001  0.58833689E-001  0.19000000E+001  0.12800000E+001  0.23935599E+001
 -0.21310522E+001 -0.90827374E-001  0.25035448E+001  0.35000000E+001  0.19700000E+001  0.23589999E+001
 -0.32920508E+000 -0.26775264E+001  0.12566379E+002  0.52000000E+001  0.29200000E+001  0.25242399E+001
 -0.15011460E+001  0.18505347E+001  0.61937096E+001  0.42000000E+001  0.23600000E+001  0.24018399E+001
 -0.90313042E+000 -0.27575840E+001  0.42503421E+001  0.35000000E+001  0.19700000E+001  0.23589999E+001
  0.62034480E-001  0.67584842E+000  0.14242601E+002  0.60000000E+001  0.33700000E+001  0.26739999E+001
  0.18421296E+001  0.31278199E+000  0.12934416E+002  0.52000000E+001  0.29200000E+001  0.25242399E+001
 -0.79920735E+000  0.26055203E+001  0.86467420E+001  0.52000000E+001  0.29200000E+001  0.25242399E+001
 -0.61048784E+000 -0.67117949E+000  0.13165355E+001  0.31000000E+001  0.17400000E+001  0.23503599E+001
  0.27066287E+001  0.16661803E+001  0.93153101E+001  0.52000000E+001  0.29200000E+001  0.25242399E+001
 -0.94064665E+000  0.17928144E+001  0.12847811E+002  0.52000000E+001  0.29200000E+001  0.25242399E+001
  0.23753796E+001  0.10809659E+001  0.14613881E+002  0.60000000E+001  0.33700000E+001  0.26739999E+001
  0.11325546E+001  0.22165819E+001  0.12249884E+002  0.52000000E+001  0.29200000E+001  0.25242399E+001
  0.99137235E+000 -0.32383991E+001  0.75026321E+001  0.52000000E+001  0.29200000E+001  0.25242399E+001
 -0.20584997E+001  0.71253300E+000  0.11202798E+002  0.52000000E+001  0.29200000E+001  0.25242399E+001
 -0.27661529E+001 -0.22216569E+001  0.36302041E+001  0.35000000E+001  0.19700000E+001  0.23589999E+001
 -0.12518012E+001  0.98090067E+000  0.72023317E+001  0.52000000E+001  0.29200000E+001  0.25242399E+001
  0.24958607E+001  0.14300129E+001  0.68391511E+001  0.52000000E+001  0.29200000E+001  0.25242399E+001
 -0.15701807E+001  0.31185735E+001  0.32886710E+001  0.35000000E+001  0.19700000E+001  0.23589999E+001
 -0.15112344E+001 -0.13142694E+001  0.77291125E+001  0.52000000E+001  0.29200000E+001  0.25242399E+001
  0.75499250E+000 -0.20734327E+000  0.66355932E+001  0.42000000E+001  0.23600000E+001  0.24018399E+001
 -0.15723468E+001 -0.34245804E+001  0.79308762E+001  0.52000000E+001  0.29200000E+001  0.25242399E+001
  0.21583070E+001  0.70678487E+000  0.14504778E+002  0.60000000E+001  0.33700000E+001  0.26739999E+001
  0.27610109E-001  0.21942357E+001  0.68396933E+001  0.52000000E+001  0.29200000E+001  0.25242399E+001
  0.70703096E+000 -0.27678937E+001  0.13348415E+002  0.52000000E+001  0.29200000E+001  0.25242399E+001
 -0.38851805E+000  0.40104669E+000  0.11571885E+002  0.52000000E+001  0.29200000E+001  0.25242399E+001
  0.47069265E+000  0.30292652E+001  0.11219397E+002  0.52000000E+001  0.29200000E+001  0.25242399E+001
  0.11980365E+001  0.32409589E+001  0.31568318E+001  0.35000000E+001  0.19700000E+001  0.23589999E+001
  0.56738797E+000  0.16856322E+001  0.71407585E+001  0.52000000E+001  0.29200000E+001  0.25242399E+001
 -0.29143451E+001 -0.34312381E+001  0.12515500E+002  0.52000000E+001  0.29200000E+001  0.25242399E+001
  0.11014264E+001 -0.14829401E+001  0.10839647E+002  0.52000000E+001  0.29200000E+001  0.25242399E+001
 -0.68213777E+000  0.46227648E+000  0.11286254E+001  0.31000000E+001  0.17400000E+001  0.23503599E+001
 -0.20298231E+001  0.14164031E+001  0.84410108E+001  0.52000000E+001  0.29200000E+001  0.25242399E+001
 -0.24520934E+000  0.14808863E+001  0.48593129E+001  0.35000000E+001  0.19700000E+001  0.23589999E+001
  0.17274833E+001  0.28650754E+001  0.55571427E+001  0.42000000E+001  0.23600000E+001  0.24018399E+001
 -0.14944105E+000 -0.51562027E+000  0.11683363E+001  0.31000000E+001  0.17400000E+001  0.23503599E+001
 -0.57678738E+000  0.67668571E+000  0.12750155E+002  0.52000000E+001  0.29200000E+001  0.25242399E+001
  0.61817766E+000  0.38853667E+000  0.11490186E+002  0.52000000E+001  0.29200000E+001  0.25242399E+001
  0.22699278E+001 -0.14541444E+001  0.11391442E+002  0.52000000E+001  0.29200000E+001  0.25242399E+001
 -0.15794589E+001  0.23703766E+001  0.53688971E+001  0.42000000E+001  0.23600000E+001  0.24018399E+001
  0.18724108E+001  0.32636024E+001  0.53531954E+001  0.42000000E+001  0.23600000E+001  0.24018399E+001
  0.23706401E+001  0.17493166E+000  0.64366378E+001  0.42000000E+001  0.23600000E+001  0.24018399E+001
 -0.26567408E+001 -0.16411322E+001  0.95614540E+001  0.52000000E+001  0.29200000E+001  0.25242399E+001
  0.46074560E+000  0.28602378E+001  0.28914184E+001  0.35000000E+001  0.19700000E+001  0.23589999E+001
