          26
 -0.39329672E+000  0.24103977E+000  0.11443868E+001  0.11318047E+001  0.24739587E+001
 -0.10329015E+001  0.13659444E+001  0.10538495E+001  0.13218694E+001  0.24863500E+001
  0.92607235E+000  0.20768933E+001  0.10752520E+001  0.98761777E+000  0.24833675E+001
 -0.14706551E+001  0.47001428E+000  0.16258851E+001  0.15144784E+001  0.24179748E+001
  0.11177439E+001  0.73208412E+000  0.25987767E+001  0.13631249E+001  0.23557952E+001
 -0.48240810E+000  0.98844030E+000  0.21542990E+001  0.11078400E+001  0.23757475E+001
 -0.55163432E+000 -0.60398089E+000  0.18350732E+001  0.20071335E+001  0.23988539E+001
 -0.11851618E+001 -0.10082312E+001  0.23878188E+001  0.11305729E+001  0.23634915E+001
 -0.11892706E+001 -0.63928912E+000  0.10933963E+001  0.10067555E+001  0.24808648E+001
 -0.22526141E+000 -0.17293369E+001  0.15205532E+001  0.12252898E+001  0.24287954E+001
  0.14230186E+001 -0.14456085E+001  0.16602700E+001  0.89446195E+000  0.24146155E+001
  0.16705443E+001 -0.81320910E+000  0.18061354E+001  0.17615374E+001  0.24013112E+001
  0.10872429E+001 -0.48701075E+000  0.17088883E+001  0.16941879E+001  0.24100108E+001
  0.17190229E+001  0.15678293E+001  0.19023430E+001  0.13579200E+001  0.23933745E+001
  0.98411392E+000 -0.12615011E+001  0.25250549E+001  0.20338138E+001  0.23581205E+001
 -0.34181385E+000 -0.14041067E+001  0.25972978E+001  0.10545984E+001  0.23558380E+001
 -0.11439535E+001  0.24619743E+001  0.21207660E+001  0.16094994E+001  0.23778298E+001
  0.95710821E+000  0.15254805E+000  0.15280904E+001  0.17890559E+001  0.24279945E+001
 -0.12945049E+001 -0.13697014E+001  0.25041126E+001  0.84435261E+000  0.23588525E+001
 -0.25797503E+000 -0.17998389E+001  0.24550291E+001  0.19528880E+001  0.23606917E+001
  0.12369988E+001 -0.74884475E+000  0.20642150E+001  0.14811970E+001  0.23815249E+001
  0.15533504E+001  0.80852044E+000  0.13078053E+001  0.65919482E+000  0.24530867E+001
  0.16370088E+001 -0.67189550E+000  0.23587623E+001  0.16798870E+001  0.23648026E+001
  0.53018936E-001  0.24772095E+001  0.12480531E+001  0.85169689E+000  0.24604954E+001
 -0.52057970E+000 -0.11965085E+001  0.14375502E+001  0.16823309E+001  0.24378849E+001
  0.64045600E+000  0.12010198E+001  0.19373240E+001  0.18965334E+001  0.23906540E+001
