1
1
0
1
7.717500937027746977e-01 1.107575682666683478e-02
1
1.599077360906262069e+00 6.672310494341515685e-02
1
2.186680554032518486e+00 3.616167217467396860e-02
1
2.806043167384707271e+00 2.239906496570636882e-02
1
3.108986929605849880e+00 2.106209228140297207e-01
1
3.717546065618698048e+00 4.136596221342273005e-02
1
3.792730793525968203e+00 3.949659458004557977e-01
1
4.978121399721017859e+00 3.683215082231960924e-01
1
4.241359852983351608e+00 5.238480904682847605e-02
1
3.488738926035412913e+00 2.712513499886327617e-01
1
3.162244489125713098e+00 1.577448101738050112e-01
1
2.512385297908618753e+00 3.160649624200659313e-01
1
2.110778113963339919e+00 1.120641122438527371e-01
1
1.611232980073779908e+00 7.887872411093228842e-02
1
7.992168205898626532e-01 1.639097006041967397e-02
0
0
1
7.281144216023406335e-01 6.419613379612146287e-02
1
1.498941673517847351e+00 4.377141736878741723e-02
1
2.402370678387530933e+00 1.696851102294742175e-01
1
2.800816816715979485e+00 3.679328258098016335e-02
1
3.313697977698450980e+00 2.021176765994574243e-02
1
3.926496466270174679e+00 1.588381694169313518e-01
1
4.355414218629356959e+00 1.656359330206352010e-01
1
4.859735339284241284e+00 2.579438462836340928e-01
1
4.347968653883054202e+00 1.585823170475971766e-01
1
3.892391716839600502e+00 1.407740776413192174e-01
1
3.036452382341198852e+00 2.889580551791625096e-01
1
2.924291808500430356e+00 9.280018145151019970e-02
1
2.292946104498180482e+00 6.639603589122086702e-02
1
1.628169805790119717e+00 9.655597635396961920e-02
0
0
0
1
7.817296283123918998e-01 2.067271269210096789e-03
1
1.437146296626389486e+00 9.644252399946490195e-02
1
2.193249434043444523e+00 3.214965119829964191e-02
1
3.217139039423703828e+00 3.869472233933955452e-01
1
3.391915276165102355e+00 6.156235513410088234e-02
1
3.825085616187301252e+00 7.116364521051592174e-02
1
4.057819772657759394e+00 1.171028852136961201e-01
1
4.599341201720999806e+00 9.577574021035744484e-04
1
4.552236970603591004e+00 3.773143127321341717e-01
1
3.822546331930230856e+00 6.862436095344527642e-02
1
3.220652772406330300e+00 1.097001486246688279e-01
1
2.728778258388141253e+00 1.014135576421675566e-01
1
2.124985096633105641e+00 1.004139886086399674e-01
0
0
0
0
1
7.235104131338041533e-01 6.012469419941102178e-02
1
1.503331238403129211e+00 2.828259103301972166e-02
1
2.169308445807912378e+00 5.724162279904753542e-02
1
2.878265446955015516e+00 4.677381990609508211e-02
1
3.552279735109129533e+00 2.268692975887672825e-01
1
3.770467300356416640e+00 1.884966115813556040e-02
1
4.257967773013717760e+00 6.858143617825863958e-02
1
4.858408511477682268e+00 2.566170184770766305e-01
1
4.260491732801738429e+00 7.071344719301636550e-02
1
3.723945648862323932e+00 4.371264799091603703e-02
1
3.116952885318920341e+00 2.169568600394781721e-01
1
2.675712848221468931e+00 1.618972510754917160e-01
0
0
0
0
0
1
7.647849571292275606e-01 1.804089340021393373e-02
1
1.554314596921462233e+00 2.196034095861417595e-02
1
2.065230753250983486e+00 1.576114729562094197e-01
1
2.784851372744431952e+00 4.359888758425253807e-02
1
3.304274036307825568e+00 1.571526299169066082e-02
1
3.817277749058322289e+00 5.728747303427346449e-02
1
4.422525039251832268e+00 2.335499953153125086e-01
1
4.598869608708125334e+00 1.093028278969870350e-02
1
4.383618497127968361e+00 1.959217578015423344e-01
1
3.761485100079234201e+00 2.573072247110915530e-03
1
3.423625110985646369e+00 1.040172585657638954e-01
0
0
0
0
0
0
1
8.195999131294653406e-01 2.728935773100277934e-02
1
1.564369605703195720e+00 2.165651481656035229e-02
1
2.187539940036627328e+00 4.514564327958239809e-02
1
2.856396445658322403e+00 1.878432435199801215e-02
1
3.771130148375821722e+00 4.372773592647724583e-01
1
3.840446644826772005e+00 7.287062161282335804e-02
1
3.948349265567014932e+00 2.428073474099488593e-01
1
4.647763609504065307e+00 4.450310052923040632e-02
1
4.331855451135441015e+00 1.463514531041739120e-01
1
3.681006460331608388e+00 6.738181577776884701e-02
0
0
0
0
0
0
0
1
8.638978411093194421e-01 8.034745503123673360e-02
1
1.491015278535238187e+00 4.239140495132880104e-02
1
2.186501941433502516e+00 3.888016278913927759e-02
1
2.824817209303287502e+00 5.374606727020895397e-03
1
3.195973261927912645e+00 1.343764701954887897e-01
1
3.523178792140703397e+00 2.322087226201130783e-01
1
4.033098629236091526e+00 1.473430762117069470e-01
1
4.727409018000172658e+00 1.243532583171399614e-01
1
4.223889120513145912e+00 4.850381659540337065e-02
0
0
0
0
0
0
0
0
1
7.752331802938712269e-01 8.097109862246341938e-03
1
1.574745016043506585e+00 4.313463080335643018e-02
1
2.240577366878532040e+00 1.433608937070078582e-02
1
2.997588658112950721e+00 1.659531787954932336e-01
1
3.360883003584576478e+00 3.494716554049644847e-02
1
3.713560365416173070e+00 3.919428965276237214e-02
1
3.965212878597519808e+00 2.253769895857026251e-01
1
4.554199840453014403e+00 4.843900780811497692e-02
0
0
0
0
0
0
0
0
0
1
8.182177821165395049e-01 3.539193158709830200e-02
1
1.559871500647882048e+00 2.751724468503547252e-02
1
2.394089220430939413e+00 1.712469941560730291e-01
1
2.826964338220832484e+00 1.493043833882051622e-03
1
3.026879204072005614e+00 2.929450315929309490e-01
1
3.855087037463823751e+00 9.519742458193698742e-02
1
4.214872952806229200e+00 2.597854856595270545e-02
0
0
0
0
0
0
0
0
0
0
1
7.882200014340287053e-01 4.087422704479751721e-03
1
1.685585559633564268e+00 1.428711042043975532e-01
1
2.195284195132969352e+00 3.754886695046022460e-02
1
2.816874712849244844e+00 2.086953374839546974e-02
1
3.287438407994269784e+00 4.643419730076329965e-02
1
4.053029707489621991e+00 2.854421653201144049e-01
0
0
0
0
0
0
0
0
0
0
0
1
7.516467252938093813e-01 3.190387276185525922e-02
1
1.597568638284557307e+00 6.416345014922145151e-02
1
2.262066716431150759e+00 3.669087864144783551e-02
1
2.716867432684528794e+00 1.133477137950931607e-01
1
3.380688403046937740e+00 5.033791831979202158e-02
0
0
0
0
0
0
0
0
0
0
0
0
1
7.772279442031551078e-01 6.095723063909892943e-03
1
1.401370644031075585e+00 1.302397412090761375e-01
1
2.199270365448606324e+00 2.695958991815538067e-02
1
2.735880084400758694e+00 9.559348760168034920e-02
0
0
0
0
0
0
0
0
0
0
0
0
0
1
7.179484450929366490e-01 6.487740543650510894e-02
1
1.511200065640804224e+00 2.115419032204142111e-02
1
2.199476625587988732e+00 2.336560068687779448e-02
0
0
0
0
0
0
0
0
0
0
0
0
0
0
1
7.667400330263697272e-01 2.575135674593504245e-02
1
1.417071442161951245e+00 1.257814698822559973e-01
0
0
0
0
0
0
0
0
0
0
0
0
0
0
0
1
8.089340003180356398e-01 2.538340226237130806e-02
0
0
0
0
0
0
0
0
0
0
0
0
0
0
0
0
