          30
 -0.18342470E+001 -0.51102280E+001  0.16364345E+001  0.22808601E+001  0.19679946E+001
 -0.48681068E+001  0.18743540E+001  0.26977014E+001  0.95865248E+000  0.22299633E+001
  0.45523183E+001  0.11097505E+001  0.26544976E+001  0.70815987E+000  0.22209810E+001
  0.44240310E+001  0.26018812E+001  0.27897728E+001  0.23432603E+001  0.22487515E+001
 -0.14031194E+001 -0.37290447E+001  0.79485520E+000  0.18430747E+001  0.16429383E+001
 -0.17698782E+001  0.31034697E+001  0.89358691E+000  0.23160607E+001  0.16917393E+001
  0.40571794E+000 -0.39045950E+001  0.27801962E+001  0.16433138E+001  0.22468191E+001
 -0.27226158E+001 -0.48126557E+001  0.11469235E+001  0.41119767E+000  0.18006647E+001
  0.25665144E+001  0.41508100E+001  0.15928924E+001  0.13123313E+001  0.19547709E+001
 -0.18890070E+001  0.48379872E+001  0.24003760E+001  0.11771501E+001  0.21658036E+001
  0.23367095E+001  0.49023675E+001  0.24741081E+001  0.15880803E+001  0.21822471E+001
  0.25625515E+001 -0.46668135E+001  0.26779887E+001  0.77147558E+000  0.22258784E+001
  0.37930829E+001  0.55042973E+001  0.10522820E+001  0.14749192E+001  0.17623099E+001
  0.21883759E+001 -0.72573682E-001  0.16184910E+001  0.96452098E+000  0.19625775E+001
 -0.18141129E+001  0.57582986E+001  0.24329245E+001  0.40878748E+000  0.21731085E+001
  0.39636457E+001  0.25265689E+001  0.65921472E+000  0.11001044E+001  0.15678553E+001
 -0.32775734E+001  0.40328147E+001  0.22781999E+001  0.36011069E+000  0.21377022E+001
  0.12628967E+001  0.88735232E+000  0.18369841E+001  0.22731792E+000  0.20257022E+001
  0.18985122E+001 -0.52027355E+001  0.14745189E+001  0.24434836E+001  0.19173961E+001
  0.11950037E+001 -0.59458335E+001  0.18291417E+001  0.20537982E+001  0.20235367E+001
  0.16036748E+001  0.12684305E+001  0.11578278E+001  0.55629671E+000  0.18049295E+001
  0.24386743E+001 -0.10489481E+001  0.26393513E+001  0.21718141E+000  0.22178060E+001
  0.48784436E+001  0.32175454E+001  0.13657605E+001  0.17215495E+001  0.18810177E+001
  0.52551618E+001 -0.26627481E+001  0.21051125E+001  0.44665837E+000  0.20958880E+001
  0.30156280E+001  0.30326898E+001  0.24449777E+001  0.49994658E+000  0.21757950E+001
 -0.75669866E+000 -0.27133419E+001  0.24837768E+001  0.68908922E+000  0.21843760E+001
  0.44270022E+001 -0.47271007E+000  0.23332658E+001  0.21513047E+001  0.21505042E+001
 -0.50105924E+001  0.29902264E+001  0.25557809E+001  0.20157107E+001  0.22000379E+001
 -0.85682903E+000 -0.96023672E+000  0.24436751E+001  0.11366746E+001  0.21755052E+001
  0.50446141E+001 -0.15684030E+001  0.21121727E+001  0.14266298E+001  0.20976431E+001
