          61
 -0.54375676E+000  0.23677620E+001  0.79639197E+000  0.21159949E+001  0.16437318E+001
 -0.81983875E+000  0.59921638E+001  0.10123457E+001  0.21897004E+001  0.17453457E+001
  0.48187125E+001 -0.38697981E+001  0.63566144E+000  0.61949606E+000  0.15536590E+001
 -0.29303051E+001  0.50015111E+001  0.18795951E+001  0.19342373E+001  0.20373485E+001
 -0.10176020E+001 -0.14206393E+001  0.18639226E+001  0.19534551E+001  0.20330882E+001
 -0.15383896E+001  0.70459803E+000  0.11011324E+001  0.32761573E+000  0.17824163E+001
 -0.57262742E+001  0.18349839E+001  0.70592834E+000  0.13224254E+001  0.15949218E+001
 -0.14953511E+000 -0.43195641E+001  0.13725701E+001  0.17639552E+001  0.18833580E+001
  0.59125740E+001  0.18123768E+001  0.10582978E+001  0.25865195E+000  0.17648233E+001
  0.49062838E+000 -0.42292183E+001  0.17812536E+001  0.35824860E+000  0.20101603E+001
  0.47255281E+001 -0.14263081E-001  0.29817311E+001  0.11508785E+001  0.22864745E+001
  0.40522003E+001 -0.45081557E+001  0.23368914E+001  0.21323906E+001  0.21513392E+001
  0.53305586E+001 -0.14645047E+001  0.22155201E+001  0.10830052E+001  0.21228445E+001
  0.10105449E+001 -0.32413522E+001  0.29809680E+001  0.65106313E+000  0.22863282E+001
 -0.28968233E+001  0.38399475E+001  0.79033612E+000  0.14618071E+001  0.16405981E+001
 -0.19574094E+001  0.56703977E+001  0.28561023E+001  0.15789449E+001  0.22620005E+001
  0.15611707E+001 -0.38196690E+001  0.20220052E+001  0.12885216E+001  0.20748888E+001
 -0.32764959E+001  0.16408357E+001  0.12414500E+001  0.12302792E+001  0.18366718E+001
  0.25308272E+001  0.55308682E+001  0.20123780E+001  0.16766469E+001  0.20724146E+001
 -0.30861629E+001  0.47897288E+001  0.22217345E+001  0.33785521E+000  0.21243315E+001
  0.19955114E+001 -0.24818296E+001  0.24547631E+001  0.23533516E+001  0.21779688E+001
 -0.51012139E+001 -0.39192983E+001  0.15279978E+001  0.13491507E+001  0.19345499E+001
 -0.31051289E+001 -0.42607644E+001  0.25397430E+001  0.20978623E+001  0.21965783E+001
  0.45075825E+001 -0.23467989E+000  0.24624157E+001  0.17599083E+001  0.21796642E+001
 -0.36518025E+001  0.38667928E+001  0.18294783E+001  0.40542681E+000  0.20236298E+001
  0.12487022E+001  0.28420028E+001  0.21749012E+001  0.14083538E+001  0.21130469E+001
  0.17012598E+001 -0.58055310E+001  0.14111056E+001  0.17251563E+001  0.18964401E+001
  0.54216209E+001 -0.36764127E+001  0.29305958E+001  0.16785886E+001  0.22766079E+001
 -0.31923059E+000 -0.55804285E+001  0.24853699E+001  0.18632756E+001  0.21847262E+001
  0.38231778E+001  0.10013378E+001  0.24544461E+001  0.13082564E+001  0.21778984E+001
 -0.17641609E+001  0.13965500E+001  0.18084849E+001  0.15680029E+001  0.20177993E+001
  0.40328462E+001  0.19078002E+001  0.75464907E+000  0.74656865E+000  0.16217560E+001
  0.50209440E+001  0.52144083E+001  0.14436935E+001  0.15592770E+001  0.19072956E+001
  0.45354053E+001 -0.18687896E+001  0.20367942E+001  0.88002757E+000  0.20786723E+001
 -0.22989857E+001  0.45854203E+001  0.12078747E+001  0.12611295E+001  0.18241255E+001
  0.75087144E+000  0.56256620E+001  0.20232047E+001  0.97516650E+000  0.20751964E+001
  0.90992344E+000 -0.12114323E+001  0.20080959E+001  0.12609163E+001  0.20713112E+001
 -0.11063739E+001 -0.15896842E+001  0.25668836E+001  0.96623371E+000  0.22024233E+001
 -0.50379828E+001 -0.39956765E+000  0.13770285E+001  0.17501674E+001  0.18848855E+001
 -0.34459560E+001 -0.54963307E+001  0.10757694E+001  0.85317756E+000  0.17720625E+001
  0.48737287E+001  0.99325771E+000  0.13942091E+001  0.13207345E+001  0.18907374E+001
  0.70096771E+000  0.20606121E+001  0.19052404E+001  0.19165836E+001  0.20442627E+001
  0.30403372E+001  0.44352502E+001  0.17768845E+001  0.51201897E+000  0.20089265E+001
 -0.50873711E+001 -0.31061744E+001  0.64080480E+000  0.15465068E+001  0.15567924E+001
  0.54914520E+001 -0.32161196E-001  0.16502616E+001  0.90884211E+000  0.19721387E+001
  0.21589955E+001  0.55089516E+001  0.19109919E+001  0.18485376E+001  0.20458037E+001
  0.56846384E+001 -0.45340279E+001  0.75157099E+000  0.80298085E+000  0.16200997E+001
 -0.67689267E+000  0.56462787E+001  0.19622648E+001  0.23944850E+001  0.20593902E+001
  0.36699861E+001 -0.19985718E+001  0.23683683E+001  0.20726076E+001  0.21585472E+001
  0.50965063E-001 -0.58031603E+001  0.18592933E+001  0.40652151E+000  0.20318247E+001
 -0.37774190E+001  0.20917020E+001  0.69069995E+000  0.20089052E+001  0.15862499E+001
  0.56296307E+001 -0.36068449E+001  0.23303350E+001  0.65667583E+000  0.21498286E+001
 -0.49258256E+001 -0.49276787E+001  0.10708011E+001  0.61732166E+000  0.17700130E+001
 -0.36456495E+001  0.47708391E+001  0.22553878E+001  0.13269423E+001  0.21323307E+001
  0.27520647E+001  0.94363044E+000  0.15432885E+001  0.19907613E+001  0.19393716E+001
  0.64516770E-001 -0.70063665E+000  0.27580038E+001  0.56935422E+000  0.22423219E+001
 -0.51539257E+001  0.93513076E-001  0.12554293E+001  0.64353562E+000  0.18418206E+001
  0.33712853E+001  0.49786203E+001  0.26130076E+001  0.12192137E+001  0.22122511E+001
 -0.47177786E+001 -0.52714724E+001  0.11125645E+001  0.22366268E+000  0.17870247E+001
 -0.30648614E+001  0.18981555E+001  0.22030001E+001  0.11614419E+001  0.21198390E+001
  0.32258015E+001 -0.37538334E+001  0.25753866E+001  0.54378112E+000  0.22042450E+001
