          68
  0.13313652E+001  0.38941444E+001  0.16268853E+001  0.36013751E+000  0.19651173E+001
  0.21443079E+001 -0.67592713E+000  0.25795877E+001  0.13289419E+001  0.22051433E+001
  0.24830740E+001  0.17679573E+001  0.19859367E+001  0.13307688E+001  0.20655732E+001
  0.54826968E+001 -0.56322792E-001  0.10245390E+001  0.42874447E+000  0.17505776E+001
  0.37912970E+001  0.74839237E+000  0.86881007E+000  0.15121789E+001  0.16798885E+001
  0.34393201E+001  0.53777101E+001  0.20201721E+001  0.12515797E+001  0.20744183E+001
 -0.45547437E+000 -0.40530425E+001  0.20609060E+001  0.19262982E+001  0.20847971E+001
  0.34061432E+001 -0.24559284E+001  0.75748372E+000  0.12737064E+001  0.16232768E+001
  0.39351822E+001  0.23294908E+001  0.13109053E+001  0.21147521E+001  0.18618388E+001
  0.13686182E+001  0.25093385E+001  0.96067263E+000  0.20169619E+001  0.17226344E+001
 -0.85747758E+000  0.50670010E+001  0.15306717E+001  0.12337891E+001  0.19353957E+001
  0.21178818E+001  0.10551299E+001  0.22127749E+001  0.10992255E+001  0.21221866E+001
  0.51690270E+001  0.57454511E+001  0.18643128E+001  0.11996817E+001  0.20331946E+001
  0.35802843E+001 -0.26855235E+001  0.22807031E+001  0.21722620E+001  0.21382892E+001
 -0.56003004E+001 -0.40814603E+001  0.12608472E+001  0.25230022E+000  0.18438045E+001
  0.52737015E+001 -0.67272858E+000  0.10115006E+001  0.13333353E+001  0.17449813E+001
  0.25415777E+001 -0.11141363E+001  0.15725701E+001  0.85142932E+000  0.19485060E+001
 -0.40830643E+001 -0.48106312E+001  0.97298257E+000  0.84228198E+000  0.17281264E+001
  0.48504065E+000 -0.42062649E+001  0.98726380E+000  0.77398077E+000  0.17344331E+001
 -0.81585804E+000 -0.12421288E+001  0.23708152E+001  0.44265910E+000  0.21591046E+001
 -0.14838368E+001  0.15568237E+001  0.71255109E+000  0.20930100E+000  0.15986495E+001
 -0.23608347E+001 -0.51668046E+001  0.21701592E+001  0.11789362E+001  0.21118942E+001
 -0.31965613E+001 -0.30206025E-001  0.80195880E+000  0.12102674E+001  0.16465968E+001
  0.53550186E+001 -0.25113512E+001  0.19690529E+001  0.15544947E+001  0.20611690E+001
 -0.61830638E+000 -0.52664014E+001  0.20888905E+001  0.43530257E+000  0.20918386E+001
 -0.42234561E+001  0.17745036E+001  0.66206087E+000  0.23596069E+001  0.15695449E+001
 -0.26518798E+001  0.37322957E+001  0.13332498E+001  0.94875125E+000  0.18697224E+001
 -0.14576217E+001 -0.34530906E+001  0.26048139E+001  0.96897112E+000  0.22105148E+001
 -0.32918379E+001  0.17506534E+001  0.19931942E+001  0.70408341E+000  0.20674578E+001
  0.98428724E+000 -0.36062841E+001  0.15188819E+001  0.12637463E+001  0.19316581E+001
 -0.78978662E+000  0.37745853E+001  0.17772262E+001  0.20707496E+001  0.20090231E+001
 -0.14394560E+001  0.25530051E+001  0.14476848E+001  0.87572623E+000  0.19086125E+001
 -0.17734999E+001 -0.14157649E+001  0.98469964E+000  0.72264235E+000  0.17333058E+001
 -0.47272426E+001  0.14764953E+001  0.25048877E+001  0.45553731E+000  0.21890028E+001
  0.38265887E+001  0.32866514E+001  0.16237496E+001  0.16926613E+001  0.19641697E+001
 -0.39064081E+001  0.54720537E+001  0.22156453E+001  0.24489448E+001  0.21228744E+001
 -0.32706401E+000  0.52075776E+001  0.51554880E+000  0.12107655E+001  0.14744047E+001
  0.13263164E+001 -0.12426635E+001  0.29741325E+001  0.21016236E+001  0.22850164E+001
  0.49921237E+001 -0.42241460E+000  0.51666391E+000  0.89181803E+000  0.14752013E+001
 -0.53077410E+001  0.34712690E+001  0.29695971E+001  0.20533057E+001  0.22841448E+001
  0.35987502E+001  0.14892834E+001  0.28850315E+001  0.67813752E+000  0.22677067E+001
  0.58363924E+001 -0.29154132E+001  0.10945663E+001  0.13396014E+001  0.17797531E+001
  0.15286499E+001 -0.11994056E+001  0.20487407E+001  0.18092875E+001  0.20817137E+001
  0.48915096E+001 -0.36230988E+001  0.27994943E+001  0.13441465E+001  0.22507080E+001
  0.55694746E+001 -0.52617862E+001  0.13899038E+001  0.12625524E+001  0.18892761E+001
 -0.79101649E+000  0.19901270E+001  0.11348817E+001  0.16454745E+001  0.17959197E+001
 -0.19107240E+001  0.57709894E+001  0.28145484E+001  0.21013804E+001  0.22537276E+001
  0.38573477E+000 -0.72766845E+000  0.18357212E+001  0.21344771E+001  0.20253540E+001
  0.52955321E+001  0.52810169E+001  0.72773817E+000  0.13021351E+001  0.16071005E+001
 -0.54740144E+001 -0.25232487E+000  0.61390606E+000  0.19785409E+001  0.15401915E+001
 -0.19565848E+001  0.22133995E+001  0.17992774E+001  0.10527178E+001  0.20152261E+001
 -0.35709776E+001  0.92285786E-001  0.19548301E+001  0.68622914E+000  0.20574368E+001
  0.21672564E+001 -0.33323288E+001  0.22525169E+001  0.11087228E+001  0.21316518E+001
  0.58582492E+001 -0.23871411E+001  0.20201266E+001  0.47175923E+000  0.20744067E+001
 -0.65227601E+000 -0.31216350E+001  0.52285896E+000  0.14349557E+001  0.14796036E+001
 -0.48967124E-001 -0.54033836E+001  0.10724686E+001  0.17266756E+001  0.17707017E+001
  0.34297027E+001 -0.59789299E+001  0.26559379E+001  0.20835389E+001  0.22212822E+001
 -0.53639981E+001  0.47655472E+001  0.22032987E+001  0.20027504E+001  0.21199108E+001
 -0.31337707E+001  0.26557323E+001  0.13829454E+001  0.21050282E+001  0.18869071E+001
 -0.46398496E+001  0.17872360E+001  0.22262215E+001  0.16120488E+001  0.21254033E+001
  0.30594042E+001 -0.13569433E+001  0.20689998E+001  0.22232597E+000  0.20868410E+001
  0.11553156E+001 -0.15746504E+001  0.27917081E+001  0.10853521E+001  0.22491414E+001
 -0.13915618E+001 -0.46396995E+001  0.12135280E+001  0.88243176E+000  0.18262562E+001
 -0.31365053E+001  0.41093247E+001  0.22292213E+001  0.14480617E+001  0.21261189E+001
 -0.23933407E+001 -0.16300619E+001  0.10632822E+001  0.20576543E+001  0.17668976E+001
 -0.68146134E+000  0.27824133E+001  0.23305623E+001  0.77701369E+000  0.21498810E+001
 -0.51366239E+001 -0.17822634E+001  0.23514575E+001  0.60247996E+000  0.21546837E+001
  0.18803825E+001 -0.17962279E+001  0.90620553E+000  0.21616589E+001  0.16976804E+001
